861 9081
1961 1786
3354 4707
433 1143
3693 8073
5208 363
6133 7203
8188 3696
1467 3544
8181 4221
8465 2613
3254 8208
5417 2621
2687 478
6754 9601
1438 3075
5254 5154
6100 3836
7512 1950
9637 373
3463 3055
3563 9911
1330 9514
6401 2893
2974 8377
2766 5740
6792 2856
8542 7803
4933 499
3809 7833
2004 3685
3144 144
1867 6583
539 7943
483 2204
6179 9863
6571 396
6327 6588
833 1793
5975 7717
8395 6083
3233 6754
3517 6631
7687 5732
1044 3886
9371 5187
2034 2327
1974 5701
2228 7583
306 3771
4855 9975
2572 3709
9788 9622
5994 6308
2176 5098
5381 6105
3744 709
3036 1726
7450 1967
5414 2563
1243 1585
5101 7419
9349 7596
5097 6908
7150 4628
5282 3336
605 3411
8022 7545
5280 2777
447 2502
8653 7353
4937 4186
6830 4435
5561 4467
6126 4771
7023 1082
1200 6360
8095 80
7688 5716
6319 8527
8753 5689
9016 3116
2828 8265
7197 4572
414 878
8472 4583
9153 2949
9647 9586
9350 1969
86 514
4380 9581
4348 3632
2074 9074
9823 9294
374 2051
911 9142
6322 3235
7807 7977
5385 4008
6302 357
3474 6293
7310 4074
4400 728
4013 8845
6919 1872
1227 2144
7163 7714
6578 6378
8464 3850
8458 4652
1692 4609
5983 1975
3692 3817
3757 4149
9987 6876
5120 207
9549 6270
2103 8738
8800 9503
2472 3102
7704 5853
1703 5483
1862 5053
113 6281
5571 487
6102 6005
6609 6846
3270 5077
8766 9529
7278 66
3621 5022
6285 8890
8578 3123
491 1773
3246 9277
3292 3036
9389 7065
5671 3664
1542 3049
6252 4482
6867 4952
7458 8389
3367 9548
6297 3523
4652 1603
5696 5489
2833 1881
9571 5946
2572 6275
4119 2255
5423 7592
201 9707
5633 1284
4765 6208
1473 1951
6675 8620
134 4459
2760 7629
626 2093
4435 6779
9339 6048
7981 4670
5947 159
1741 7345
1838 6358
1292 5750
2277 5067
8870 4904
8060 4100
6180 1275
8136 7040
3038 3681
6945 9142
998 4044
4541 8566
368 2699
5360 6503
2717 5365
8883 194
3443 7820
457 7271
902 9271
4834 4919
9393 6908
2495 6944
7687 749
4740 9491
3786 6884
4474 7356
4891 506
1271 9511
3021 2598
4229 8478
3627 7192
3856 4997
2304 2270
9401 6503
6100 4153
2561 7026
9794 9509
3051 2025
1466 247
2609 3042
331 2600
2627 2273
5980 3300
5009 7930
7339 6554
3173 7241
3253 7677
261 7089
867 2843
3231 8151
5371 7311
5166 5166
4550 9111
5194 2870
4118 9454
1571 6622
3637 5049
4150 7830
3297 3391
1900 2427
9924 2659
3643 9708
424 1446
3684 4308
5241 9574
1655 3042
6501 5993
4816 8584
6278 1175
7968 5555
3633 8506
4373 4888
3998 9803
3715 8804
2742 8355
3286 5704
6030 8165
8401 8571
98 1300
1919 8353
9809 2513
3358 1705
5841 4860
4471 2060
846 1546
7431 2261
1137 5417
8894 7519
1040 4921
1416 4665
8442 1417
90 3214
1091 6701
6566 1167
9103 8675
9860 4383
2835 1299
991 4338
9186 4039
9361 272
6450 6603
4720 1892
7060 7248
5088 468
9739 3021
1680 2792
2286 3287
3933 3512
3373 5298
5929 701
3310 3635
447 8347
4231 1794
7054 4987
9380 9175
8096 5387
1037 1666
6678 5119
380 6023
6940 697
3336 1029
2589 2353
6740 6053
9855 1610
2416 5374
6359 4495
5951 3012
6601 2434
618 9067
457 3427
5255 2838
504 3076
5397 3652
7550 2000
128 457
386 3607
4291 7385
6056 9597
961 8847
523 3787
4604 2085
7330 9048
3974 9121
360 6875
6318 5702
5131 2546
8362 7214
7926 2023
1963 7654
6675 9533
212 2498
5650 1649
9686 9623
8571 4027
6691 8304
7163 5224
9987 4175
917 6781
9480 659
9175 768
28 4129
866 7235
3087 857
7342 3482
262 7090
1783 9744
6964 9079
6785 3824
626 6713
1835 4649
4521 2559
230 1241
5396 6337
7739 3695
2538 7345
6092 6985
6857 9939
6606 9652
4287 9956
105 9777
5641 7107
3157 9169
1333 1494
6247 7838
5309 1407
7002 129
3218 8621
4619 3285
3074 9321
6907 3920
3704 8500
3424 3622
4893 3535
2010 4534
6772 4495
7709 2110
230 1684
1409 252
1183 7612
1616 6405
5039 6783
7086 9148
1970 8661
3817 5000
606 7605
7615 3918
551 9285
6611 3946
2091 4434
1652 3656
6577 8734
7320 2244
8777 3985
5811 315
4336 8211
1682 7029
6200 6489
40 8205
7452 6138
3462 578
8046 7646
5363 6612
5060 5453
9470 9243
3316 3164
6981 7199
9517 1978
4708 923
5462 7081
9466 4612
6521 4696
1379 4814
5440 8081
5654 4855
2889 1464
3934 3171
8398 8047
7109 9596
1832 956
3616 1318
9902 1341
9812 1480
3471 5214
767 4619
1034 601
4240 4711
8331 6517
1128 7346
6091 9422
444 6194
8179 659
1350 3233
7604 5312
2658 1181
4610 4699
2199 5502
9443 2431
3113 446
3848 3646
8308 6038
203 5904
8177 6275
3638 256
3220 453
3660 7260
7872 9532
4404 495
236 7731
7656 975
5257 1801
6035 5485
4667 3509
2175 3176
6476 2299
4564 6715
1508 7393
1191 5837
3998 7629
2736 1120
3506 7912
5226 2652
7294 9641
8582 1744
4233 3721
1974 2259
6568 3619
5750 3939
7337 5863
2246 7749
8942 1516
7876 8851
2621 8724
4209 2256
5853 3485
7481 4228
6825 7334
657 6812
627 1204
8374 9936
151 3476
7101 4935
4235 6299
5455 2082
7168 5077
6742 7815
3920 3716
3143 7958
8169 8885
7411 5768
6802 8621
1327 4039
2574 2050
9289 1434
6401 9808
1632 3072
3833 5005
11 6327
4225 8301
1324 3977
3449 8091
3226 6230
5036 2482
1894 4131
1253 7265
1372 6519
5470 433
1195 1916
3466 2426
7663 6872
3682 4756
2759 1415
654 1531
1108 1217
8367 147
7246 4626
6216 7127
9730 7310
3753 1580
904 1155
8288 8810
4705 880
2086 8470
5371 6805
3148 285
7566 1996
54 8452
778 9067
2434 7621
51 4601
489 2124
4373 7155
6520 9147
3561 1140
832 2867
7881 3603
2814 2030
1750 9583
7969 6131
6319 7726
79 3530
987 4540
5338 6938
4963 6097
8127 4243
9595 1200
3419 7217
5702 8475
4836 7053
7642 7668
3490 3792
1179 5469
3551 1844
6355 8239
3045 6750
8382 6130
7452 1282
8090 5393
9735 3658
7942 5503
5072 2210
2625 3531
3057 9920
315 3196
2295 5899
7014 8581
8667 610
2809 846
2056 282
9174 8088
9802 143
1513 1954
6097 1575
1137 1399
9135 6161
2302 8218
2808 4060
7279 8273
3474 6392
2169 9151
4357 9575
8748 1032
5908 5887
2371 5587
812 3117
5638 4137
9533 8294
9111 3155
4269 4036
8607 6789
1095 1129
4485 4032
7834 7968
7488 6374
2917 2977
3155 6972
8054 6255
6653 564
5275 8853
8083 6553
8098 7153
7642 1388
9647 9186
6732 1207
1402 1599
7027 304
4687 4559
4247 4717
8436 7402
2530 3288
6279 1182
3138 744
5234 2718
6257 6372
7108 7662
1822 5041
5055 1210
5534 9860
6631 7277
3664 9189
9512 6307
6588 2081
8100 2824
9801 3066
4049 5959
9822 998
5441 7373
3247 6134
6045 1016
1384 36
7646 9156
4916 5500
7184 3341
9685 7508
8195 4075
1263 6236
2082 2753
8126 2063
7339 8708
7824 9023
8513 5886
7299 3423
6697 1507
6263 7036
8523 6247
3050 7314
9398 364
1479 1193
7728 8146
5889 3244
4096 7099
7356 1654
6921 1124
7511 9236
5269 5117
190 7606
1736 9596
1118 5390
3271 1196
858 5376
3154 1163
28 2902
545 8752
2099 987
8752 9212
280 6966
5711 6764
4229 3265
6530 5756
6315 2961
6266 2851
8847 689
5839 5770
9781 6105
9186 4949
8595 1760
484 2815
4409 9219
1473 8420
471 9069
4032 1779
5445 9690
1875 8823
5434 6067
9404 7635
4694 1207
727 1796
4977 7557
5617 5378
7906 1910
713 6865
4729 2718
3370 3722
3508 4289
949 5381
641 1503
1124 2935
7558 3731
436 2244
8173 7542
1865 8395
3577 5460
9089 2605
7151 5232
2550 502
8460 8283
9962 2130
8236 4616
2180 5327
8187 317
1859 908
116 8234
1290 5743
6298 9495
5142 3164
5151 6144
1138 4695
4349 2200
5431 1429
2515 7376
9817 6497
2913 7871
454 1199
5579 723
2813 5631
3510 2813
8622 5346
2354 9101
904 3568
2514 6542
8558 9546
6918 9257
1871 5463
2435 5985
8219 9745
2207 7466
2432 4425
626 2364
4850 7421
8022 7104
4376 5628
3613 1642
3331 3989
2021 4281
1164 8328
2195 7784
2179 7625
4953 1148
7505 5141
3080 4390
7457 9945
3858 2308
1308 4522
7087 1998
3100 1120
2016 8232
41 6455
7164 3119
6785 8319
5825 8050
600 352
1292 2382
8200 8693
7884 160
8270 1808
6628 9633
5907 5823
5415 6131
554 5729
7910 2928
8682 1792
4696 1607
1882 2590
6431 7320
1184 7984
4683 662
1941 6925
10 4988
193 5225
9611 5922
2656 7481
9039 3559
6859 8225
1867 2386
1541 8651
2013 7052
7007 9257
2250 7596
5494 8257
1386 7970
7285 1073
2207 6252
7875 8051
7488 1161
2458 3087
9110 2978
8018 3747
8007 4365
875 3493
7225 1068
1540 8750
7979 6794
6554 4854
4890 4881
8255 1452
1131 4355
2099 5482
4297 6045
7989 737
9579 2501
9089 6979
3511 9704
615 6619
7890 4518
9937 9144
3892 2096
1813 8234
5721 4888
3686 6764
472 482
8993 2865
9686 3123
5288 4000
5351 5943
855 7261
6453 3433
3725 2765
3812 943
3054 3078
6619 7663
7657 5076
8207 6545
1174 3849
4998 3392
3078 5537
896 8735
7687 9260
3024 759
6633 6371
2290 6889
8969 2121
509 3522
8623 8923
2192 8579
5817 9098
4473 9704
3282 4238
4747 5502
7818 6675
2539 1189
9689 6619
4943 7722
4967 2735
7830 2854
8157 4217
1384 7800
7058 7650
1361 1461
8298 610
6419 6071
9680 3624
8816 5459
5757 3117
700 2492
7206 6218
5038 7440
8478 6923
5929 664
2213 5545
3378 8991
317 7524
4904 7640
6191 8647
9745 612
8378 5514
935 5433
1580 5212
9400 4515
8828 6716
7138 9414
931 6704
2509 2305
6672 7203
3581 8013
4087 5062
4549 8091
9067 4625
7692 6793
165 8301
4940 3320
3112 5366
4092 550
1651 7875
196 2214
7571 9167
4771 9764
7620 4680
1196 4151
8730 7973
3623 4901
1773 1508
8907 1146
3713 7746
7904 1859
7979 3307
7479 4627
9782 517
6848 1167
8978 7401
7395 8162
1436 7882
2190 1554
7745 2098
271 1160
4286 6503
3041 385
4539 151
7949 2929
6781 2232
70 6080
445 2789
8552 540
3197 8249
6251 5778
6906 5784
6270 6574
5033 7153
5804 4128
1050 3692
951 3153
4944 7637
2150 4823
396 2435
1144 6373
4727 976
7286 1685
5640 9668
4866 7745
3604 2469
2761 2332
7447 5774
2115 6520
44 7090
5708 7034
8368 9754
6678 5630
6486 7896
2 8173
4967 8391
9701 1190
8197 9913
3132 7230
2597 1136
5214 9918
1 1818
6223 4306
9145 8708
1477 9346
4829 7892
4555 7375
9067 1218
7493 2826
301 2360
6819 1177
9361 673
2393 1970
5350 7622
6905 6529
3632 1597
6800 4262
7214 8476
445 603
8582 669
2266 3765
3463 1243
7741 550
9269 6559
2329 317
5942 322
376 4371
2660 2763
925 1089
5340 1775
600 8542
1512 8959
1421 647
7903 9957
8954 3699
5838 9242
2619 7732
1487 9307
4518 7440
8355 6388
1937 2820
7120 6239
5443 3431
5485 6555
1849 3623
5415 7268
531 1415
2118 9471
5328 3112
7865 9032
9522 9515
9725 2769
553 2823
3741 8375
4464 9544
5099 4067
203 4754
1334 856
6216 7323
1874 8671
6581 7557
1801 2662
555 9538
5188 2181
678 4880
9483 9214
7842 5202
8099 3495
9745 9168
2401 1336
8027 5637
7381 5013
2324 8237
6522 9256
9340 6989
2840 7864
913 8217
218 935
941 977
3188 7583
9586 8053
6376 5894
9050 3963
2519 9382
6324 4897
1377 9016
7322 8869
1635 4827
1875 8280
8560 8679
6466 5032
7765 2135
5778 7492
9326 4172
4264 2775
724 2197
5931 3153
8294 2568
5352 285
4570 770
6197 8623
8141 875
4294 3080
6909 1844
6184 6145
2086 8393
7652 6456
1210 4852
7882 7799
7986 447
111 2756
8232 7894
452 4124
1545 9925
1054 9057
4888 2205
7401 5111
3317 1264
801 9752
5157 4284
983 4323
4936 3410
8263 9472
7859 4852
3643 3212
7490 5778
5984 7425
309 8141
9216 9381
2231 314
197 1612
3130 8603
4424 9516
3519 1949
612 5698
2642 1865
1264 3345
693 8882
8428 1385
115 4557
1147 7372
7457 5804
6702 5091
5323 3018
3772 2826
1513 8995
830 5873
4932 1839
9097 2087
2712 3644
2451 9903
8859 1484
267 2813
2951 9069
7712 6863
9920 4125
4715 2915
8220 2832
5523 3057
1431 9185
3625 2924
7724 9666
5999 2
2969 7692
4903 4577
2995 6653
6579 3474
3540 128
3341 819
8762 7030
3923 9836
7131 3368
8657 6737
9053 7499
8659 7343
7173 6838
8760 9954
8005 2249
5403 8711
5324 2300
8741 3584
2745 846
3583 8032
1094 8103
8283 3110
3962 7567
461 605
3594 2260
402 8550
5059 9710
3399 4529
2862 916
6882 434
6693 5953
5998 1350
2462 7920
8929 2365
1788 7497
3654 9481
2477 4025
2880 8266
3247 7930
4632 5644
3098 2577
8978 2264
978 1825
2841 2218
1258 3470
2665 7548
2560 1304
6510 5561
9225 3448
871 9038
8007 1010
8794 9667
9809 7290
8159 8142
7861 1634
4156 795
6649 9724
6221 4205
1199 8196
5299 488
2842 1602
2559 8514
7586 6940
3530 2133
8697 4073
5337 2494
4780 5154
7770 8438
7951 1785
6694 7182
5194 2795
4047 8059
771 6552
7921 2077
4390 7980
4075 9742
2167 8565
1001 8933
629 9872
6077 4646
916 2211
8034 1552
7576 2135
4037 9080
3063 8150
1223 4450
7275 1223
9476 2478
5356 4886
9829 7320
7764 6169
6605 6204
9465 4551
8651 5578
5455 6191
3096 5640
252 1278
6752 4039
2170 4953
2100 7444
3569 4861
2346 8199
9446 5127
2274 7590
6442 602
9340 9822
5100 3160
2877 9739
8834 6154
5964 7658
4629 6057
4219 8803
323 5470
7804 9841
7932 1411
2663 1207
4955 9444
4113 5538
9851 4313
4640 87
1520 9019
5673 3953
541 1173
8967 8760
4076 8415
7504 4002
6648 3586
3297 1061
3264 4640
8185 9687
7034 7048
3068 4151
6075 8020
2958 2196
2366 4336
8573 2854
2044 7407
9326 2371
9221 2979
755 7115
7431 186
5951 8822
9085 9790
4696 5962
2049 6931
8311 3361
6720 7203
187 2815
7794 5773
7486 7992
1790 7564
5652 7466
7836 8515
5704 6463
7370 485
8968 4071
8362 2421
2114 9175
2812 7168
2295 4181
2136 2595
8098 5385
522 4584
2597 763
4116 2264
3516 128
8498 290
7323 3360
6 6715
7953 325
5505 8817
9714 6361
6322 8534
2381 971
1566 7973
5440 197
8863 3607
2717 3064
3560 2831
3503 9160
7665 5951
519 4186
9959 2222
4159 9005
4242 8761
9419 7419
9706 1687
915 172
740 7933
8143 9716
1065 495
7774 3814
8424 8638
647 3843
4990 3378
5595 5104
6680 8365
9595 1149
1721 662
3115 5219
6899 8833
1443 9659
6491 2189
4478 817
8938 2795
3408 2361
7202 4048
5018 1322
605 9214
5017 14
2278 6182
1119 9919
226 4907
5699 5430
8622 2800
1626 9374
859 5152
8408 5545
6691 9252
7460 1469
4195 5933
5324 4425
9921 5399
800 9468
6961 5907
3165 8542
5046 2798
5221 422
9205 9589
5334 3211
6931 6390
3808 5816
2331 3986
1513 7816
7540 5663
7789 9068
9191 1412
5680 7442
1752 5908
7722 8271
8059 4041
3144 280
2863 3672
5375 4864
6596 5854
2462 8097
8344 3693
8207 4174
4391 4311
3502 8210
4297 7757
4051 8640
6082 3290
4881 3425
7503 29
2995 9774
3639 2607
7400 9775
9012 1954
5890 5764
7995 9398
9106 7889
6569 4862
9377 9639
5316 8115
726 9425
6811 6897
8021 1155
9882 1311
7844 5362
9751 2428
9559 1878
3774 4288
1699 8344
5930 2583
6438 1684
6136 3802
7980 8141
3467 7092
3373 7613
1444 9160
6288 1686
5420 3876
7768 8133
4957 6089
9119 7719
1988 47
3079 9496
545 5209
4848 269
7128 6395
8011 2275
7896 3860
4242 6962
4935 5884
5704 9431
3781 6631
9232 781
5356 8187
247 4902
1077 6782
2386 1921
1775 4538
6903 8313
3388 9913
7454 5019
9707 3297
5153 8651
3227 5495
9073 4323
4769 8142
2025 2591
7270 8313
3764 503
5907 1836
3360 7177
6517 6711
5599 3891
5375 7840
6394 4028
8617 3125
3458 7567
6990 2925
7010 692
6414 22
4687 8645
4096 777
2509 6957
3579 2430
9423 3541
3548 2726
9278 7761
1425 5667
6837 5485
7112 220
2883 679
7696 8205
4276 3510
726 8537
1365 8519
6380 7753
2322 5558
2006 7048
5251 1277
1498 9480
1831 4032
5405 4075
1954 6230
4354 5085
1129 791
9557 4942
4172 5294
7420 757
8548 8580
8945 7937
4580 1974
2422 855
7132 6376
9096 8504
1963 2250
7095 2045
6172 9734
4805 7960
5884 8939
6097 9991
9565 8703
6841 8133
7545 8744
66 3477
9424 4562
4851 6882
6286 8906
9594 6776
9209 7050
4689 1165
2709 3459
3629 8732
9349 5636
3538 8453
1479 6362
8498 3023
1815 4783
3433 318
2539 2573
9681 6105
2427 2533
4026 9848
9553 7447
4670 2297
5617 4312
3779 855
110 3854
3171 2464
8873 8734
5544 9851
1567 6386
3052 5591
7692 7110
6332 3067
4780 692
1359 5908
4780 6335
5147 3375
8742 5322
8333 9060
6031 8989
7636 9588
3861 2349
5044 7648
5265 3731
8049 4827
7831 2132
2168 4315
4613 1746
7058 5263
132 1189
3394 4352
3323 133
6322 3305
3037 7919
6095 5184
3738 4342
6309 1840
3278 7484
6049 8627
7482 4803
6921 9516
193 4660
6447 4109
8585 6233
1562 3153
2955 1204
6234 9946
7960 3018
9966 8874
1725 1798
5553 8923
6170 4781
4417 8088
2864 4903
7936 9462
9022 7121
229 1131
175 6763
8019 420
9951 8541
6772 9004
3221 6145
1980 7259
9242 9217
2 6001
7992 7285
7800 4347
759 9638
3752 8284
5082 6439
5989 6055
2648 8868
205 5606
4919 8014
1573 9871
2973 7715
718 8569
4663 5623
6907 1919
6758 2197
3591 8710
3290 9841
7656 101
2287 8519
6511 640
7654 7409
7568 4695
9151 7035
9415 6047
4489 118
3446 4948
7146 7295
1488 2456
5601 3207
2382 8304
6535 6483
1218 5036
6172 5279
8441 2438
5924 1209
149 5788
4822 3022
8935 1517
7370 7534
688 3158
1995 498
9398 9758
4075 3032
4331 4795
4917 2603
3972 229
2145 3242
154 8720
586 551
7553 2998
6781 6687
8124 4334
2159 5799
3284 3925
2907 8645
6594 2387
1966 544
365 869
2786 8535
5162 7178
142 3773
5720 1104
3247 5965
8026 7343
4937 7958
5634 5217
6747 5054
9429 6564
528 4882
2958 617
3869 2704
6995 419
5383 9517
9052 1066
5475 7669
75 6044
412 3529
1113 6821
120 8115
6056 214
1172 8597
5641 5334
7279 8629
9151 3265
8787 7960
6724 4559
5141 513
4119 4204
6867 5579
2524 7150
8558 8056
1025 2662
7917 6369
2608 2203
4272 4615
2143 8310
9271 2320
8224 4724
4493 7643
9674 3797
6475 1833
4896 4442
9053 6852
1458 5880
148 5951
5009 3614
9973 8339
9545 9244
2794 6725
4047 4898
9369 8581
5980 9885
93 2393
3914 1417
6997 6726
7149 1708
5434 6075
4703 190
5818 4262
6289 438
1976 3198
9419 8319
9745 931
3717 9350
773 6113
4551 3020
6056 2190
8813 8030
5073 6428
6698 5718
8624 6059
1057 4361
3076 6284
6501 7253
6797 9415
468 5606
838 891
4159 1066
4004 4935
6179 7173
8649 8239
4780 5797
9597 945
7322 753
4379 4458
9981 9275
3717 9162
6071 2378
1365 4519
6166 7469
6094 7804
5611 1928
4997 8792
6988 3254
1504 9316
74 7800
4475 9930
3129 7251
2349 2200
9160 8104
5245 6618
5424 6535
8851 5516
6051 7394
9676 6236
9889 5542
9366 2754
7284 6531
3710 2931
7096 6286
2510 2256
2059 9404
5653 5783
8787 1460
806 7784
9423 3160
3755 910
8323 3208
9162 1402
2058 1160
3249 9363
8971 7553
7570 4743
4576 9253
7280 3900
2679 8506
373 640
9196 1244
5566 5290
3135 4556
6947 5994
5349 8153
4232 6609
1230 5971
1231 74
8376 7022
9600 4732
4788 6244
2538 7550
8616 1626
4003 7278
9218 9415
289 9226
4029 7276
3011 134
724 5434
6091 3735
2195 4962
5807 2146
2070 3669
3231 8211
2147 4940
773 1287
5405 6402
6637 7422
6278 3699
4935 7014
6736 3346
8701 2799
7323 8514
3441 7344
1462 7567
8335 9125
2827 877
6155 9757
1464 5482
1562 4263
118 1257
4155 5756
4096 3095
2571 2578
1609 8570
3172 2186
8640 3866
6869 5797
4463 4320
8219 531
3484 695
3351 6128
5557 6363
4116 4454
608 4138
4884 8110
5067 993
3435 5172
3554 3957
9040 1098
3442 705
2937 3613
4166 1472
595 5491
9520 7742
6426 8167
5455 3792
9022 4341
4503 3563
1571 3684
9341 5102
6689 8886
4829 1305
701 5761
3806 6322
7209 3268
3301 1561
7120 8829
5553 9106
6323 4828
8155 2524
9863 6070
8430 9759
9218 4240
3553 2743
4773 3201
7413 3116
2113 3070
7566 2113
8112 4174
1396 5930
6076 8420
1830 9485
8480 735
1371 1389
3676 5482
3348 4679
730 561
7304 6742
5893 8603
1517 685
4179 5795
6579 9569
9003 6024
4068 7822
6375 6243
9934 5935
2721 3521
5242 1685
10 8456
7414 8898
8698 771
5086 1762
6996 6291
5727 896
7171 5724
5176 7945
3551 1655
6930 3049
3116 8980
7034 1958
8610 502
3572 2491
1875 2227
6371 8004
4370 513
262 8070
4766 2814
8552 9908
2206 324
2576 63
5629 2132
4748 4253
8686 9925
8493 6160
9265 3560
3765 6053
1597 3205
3697 6476
1813 8360
6914 569
6745 4614
5768 8628
1659 8892
7784 8516
7189 44
9151 4375
9089 2818
7439 3563
9861 533
6912 7336
5359 8883
2603 6180
8967 5564
6250 5571
3399 8714
3408 2474
1837 436
9967 6076
1437 8485
5642 3635
1338 2577
2888 6222
7510 6300
4788 2438
7744 6153
2014 5501
5324 9527
5974 4436
2711 2211
1897 3725
8006 9804
6951 8438
2555 2945
1991 2288
8226 8147
891 3021
7466 6341
8503 2231
3846 721
1562 6799
5780 2616
1687 7057
4039 2186
5767 629
8057 5048
8436 153
9145 3195
2157 7064
5378 2537
9465 5703
6858 4258
8657 1583
9549 9132
7072 2332
8668 493
5408 7244
9758 5470
8234 5012
634 1825
1510 1538
2469 6442
2558 4078
601 3941
696 8609
3245 4774
8430 7160
7215 3343
6519 9964
503 338
9531 9290
63 1375
9270 4541
7933 3772
3936 814
29 5516
6848 1649
1012 8499
8794 372
7001 3278
2426 9086
3092 5608
4211 6054
5241 5574
9328 652
2375 7920
267 4338
3365 5777
2080 4746
1754 2237
290 1636
4555 2966
8608 5255
5637 2916
7015 7430
5141 537
6462 4296
5517 946
6254 444
1592 8552
8826 5000
1357 6933
1503 1752
1366 9413
5261 8380
1780 6014
3198 265
1817 193
3119 6742
948 5918
7647 6125
1732 261
2915 411
5686 2353
6275 8600
904 3404
1785 6668
4396 5703
1299 9643
1486 7811
8245 7442
3973 6042
8091 7634
1924 5631
6866 713
3462 400
8186 6124
7327 2545
4608 6090
4629 8976
8077 9709
8024 3644
8282 3583
5472 8504
9952 3374
9532 845
9749 200
9791 6199
247 7771
4923 446
4924 1550
9709 7712
897 4119
7137 8939
1713 1838
3648 2306
9572 4867
2704 4601
5136 2935
7074 9002
4845 6754
6999 9894
2243 1982
6756 6124
5452 3849
7938 3396
3044 8052
3917 9042
3368 6106
9093 4322
7367 2324
7350 4210
5716 1223
564 6331
9812 5513
5555 6762
7001 3765
2117 7165
5722 8971
3979 5893
6936 8537
2655 9976
6636 2578
517 694
338 3230
6736 5822
907 502
614 5329
9555 2044
6481 1276
5754 6587
723 18
4711 8488
8694 7178
5982 8413
6261 8646
5951 7546
3893 5582
1269 7550
4084 9286
417 9593
2743 2528
8169 5082
4982 148
1771 1308
9687 3824
258 4047
7138 9895
2293 6872
8322 7815
6293 5975
2109 4256
2135 6055
2570 81
9886 2249
7951 5870
7859 6068
5932 373
2312 2274
901 1155
8912 9089
5306 6940
3006 8485
9175 4324
7524 6851
1254 4591
6893 2155
2845 8567
7846 5674
7664 5455
4898 8094
4286 3214
3063 2416
4638 2147
8717 3977
5373 9988
805 8985
6393 7236
7341 8966
4588 2749
6084 3113
6776 2705
675 8930
5594 6907
6851 4289
9213 1191
1793 8810
3602 3964
6849 8252
3346 2188
8540 9858
1945 6596
4165 1436
6428 7685
1405 8439
10000 4027
1839 7185
1208 7409
5890 9763
5591 6255
4510 4944
4237 8995
6483 8097
5272 2095
3143 150
548 6721
9611 964
7129 5559
161 2108
5088 5131
1326 5209
5059 3046
1725 5801
7283 7331
4290 128
9327 5397
8720 9147
3470 1915
6620 5013
9526 1325
4714 9965
6877 6471
4713 2515
4884 9350
939 5366
5093 3025
9698 784
7523 5698
2820 7765
8300 4533
3176 180
6818 7750
7680 9153
878 7396
7025 339
2103 1271
3673 2572
2654 2046
7866 4202
6904 3224
1294 6745
3412 3365
3845 8057
6973 6338
6909 8496
6894 2755
3616 7471
5329 4150
6987 2642
4216 8368
1274 7582
5128 3695
860 2310
3016 2493
9181 6957
4681 6689
9983 5485
4265 559
4545 7554
9231 313
4180 3887
5301 3483
3340 1819
1917 4022
3269 4178
9006 7334
1346 7751
779 9419
2803 2912
2861 2834
3162 3633
364 1277
1431 5749
1411 3491
5519 950
7285 1634
1943 7577
7550 4748
6910 2370
8719 757
1390 1670
817 4498
1118 6353
6975 5779
8265 1700
8236 5475
3379 9295
8084 9632
4036 3421
632 2367
1687 8378
4202 6146
858 2296
3675 5536
6591 4683
9018 4151
2837 5482
1660 6301
3807 272
8381 1999
568 6632
8224 8984
9428 9252
322 2253
5725 7281
9146 8600
5193 3978
8435 9098
9624 887
9357 2768
5985 7549
6639 7793
5109 8786
2326 993
6481 8425
1115 2044
4195 9287
3886 1425
5646 6726
7865 2398
5138 2041
4035 5110
9427 7213
1722 3037
311 7782
2151 3302
2339 8701
3948 9998
2353 5943
2866 9034
2674 2009
380 3680
8049 6108
6440 6997
2758 2517
704 4493
7189 7212
8743 5018
121 2043
1422 9155
1557 283
9574 8931
3741 9341
717 5240
6268 3911
8729 7296
3764 3184
143 9242
8877 9203
6114 1909
5726 8340
4453 4981
162 9814
8155 8551
5662 8739
666 8681
3132 8660
4431 8683
1652 639
3504 4642
4749 5676
589 966
3161 4944
4096 4223
2421 4721
3243 652
9005 3973
8533 1054
9606 5073
5535 4518
8516 2448
370 8447
4086 525
5376 4401
7333 7925
745 6737
4730 2428
5563 9605
6785 5796
3122 7507
1680 2655
9254 711
8058 6694
6893 587
8445 522
5562 2361
1719 8787
4319 8804
2097 2957
8787 8071
9286 1971
8164 5480
2420 4024
4674 2416
166 5960
4523 527
4023 6860
7159 5042
8443 2025
6159 3556
3518 5646
1659 4059
6763 6930
2899 8152
6164 4723
3928 6186
3323 9299
546 3230
4415 9498
9007 1835
3882 311
6481 3248
3868 3150
2393 9566
4839 2307
3741 481
3948 3358
6355 1434
3267 5110
595 8788
6906 765
3487 8992
2144 1924
1747 8300
6513 4967
5061 583
9761 9254
7689 4356
7172 6502
8492 4397
4922 2734
7299 3326
4346 786
4877 9227
1899 4578
4967 201
7283 6490
8247 5863
458 5150
2000 8524
3553 5563
7963 5799
2911 7587
7978 6623
4125 5608
3450 7448
3453 5335
6349 7899
5565 2056
6096 6170
1665 3659
9904 1287
7074 3151
5826 8404
5914 563
7228 5136
5899 2604
8759 1474
8448 975
2164 4057
833 286
2988 6471
8923 1206
2929 5406
1452 2354
7930 8197
3898 5720
6885 4991
4191 5442
7821 3544
8567 9623
185 946
9348 8017
7590 2480
9175 5409
9633 6140
1911 2551
1002 9255
772 7454
8029 6761
2626 3929
3199 2080
7310 1248
2695 4450
8844 2683
8929 3772
9875 8934
2190 8277
5188 3670
8079 2639
2796 750
2204 114
2129 8820
4836 4688
4928 3133
9476 1918
8499 3828
6221 9319
6612 3099
2812 9568
6605 4222
3923 8994
1237 4646
2011 3810
9773 4184
5386 3270
9635 8504
741 9982
5988 4260
3586 6296
5272 2501
3490 6379
9016 941
8249 843
2563 4225
9299 4024
2944 8524
495 4918
4338 5835
6070 7991
9384 5457
152 5341
5572 7002
7949 3203
2687 123
6715 9202
6827 1814
172 6263
1965 9310
2811 1064
3444 9578
1639 8186
97 4121
6063 9094
731 2280
7658 2279
9952 1464
9931 9873
4185 5985
6006 3124
7999 7339
3894 5215
274 5581
9078 8981
2000 7242
1861 5618
9390 6019
228 2515
5637 3270
2332 2986
7428 9375
8773 6610
2849 4437
4 5820
6980 6496
8238 1633
8540 2191
4801 5142
412 2143
7246 5284
3825 1897
1205 2547
1283 1377
3458 2737
7082 4059
5316 5610
1407 2493
8685 1561
5647 6876
6602 43
8944 1340
1497 222
1677 3609
2299 8109
3107 9665
348 3466
91 8296
8659 6002
3214 4439
3591 772
5597 1353
7316 149
9656 5927
635 2517
2711 9133
6848 9460
4098 4219
3626 3721
2789 5453
4387 793
3810 3923
3742 9527
4140 4676
7286 3812
2872 1621
820 6032
7034 1791
335 1304
2804 3608
7998 4374
7780 4862
4170 28
7334 1431
6273 4503
8953 8416
7895 7808
125 1351
9535 6142
8614 3234
8955 2380
3493 9195
2918 9519
9459 8561
5832 4447
5933 6777
5597 7420
6962 3480
5808 5689
7061 8980
3666 146
7186 18
3403 4465
6201 8773
2835 1943
7978 8227
9353 2767
212 147
3925 9912
4346 6804
6313 6415
8290 7983
4438 6690
3005 4226
7549 8517
2726 2800
9744 5760
422 762
8534 1813
2589 7077
7307 5567
1544 1574
3508 1397
4217 9874
8396 4367
6924 7821
1364 8341
8890 290
1753 5204
4991 1390
2043 9065
3019 4665
219 5856
9465 4859
7035 7995
2167 3822
1861 3586
3593 6420
3929 5503
2108 193
7308 7910
6174 7453
4861 7098
16 5206
5907 3204
8822 3668
959 6512
7052 4360
972 7207
2087 8952
4583 6270
5755 8022
8126 237
7271 6364
3105 7906
9480 1363
3424 5734
7762 1623
6022 6189
1154 3524
7883 4215
3186 9562
2450 4914
208 9445
8905 3013
9172 6810
568 3977
8798 1817
2282 1581
1107 375
4933 5024
9210 4703
3462 8771
2569 5979
4984 2812
2444 987
5990 5582
6127 8913
694 2312
4786 9922
9725 3504
7130 6591
4947 3550
2080 3871
9926 6919
3868 2990
7745 782
4687 2508
5158 5511
6504 1036
3868 1759
9528 3100
8863 9379
9301 7429
564 1577
6277 7784
603 1332
1062 671
8529 1465
2827 8559
4259 3635
9850 3050
6392 6431
9186 2165
6817 6959
6227 2825
7618 6764
6404 7218
836 1128
267 5461
9374 7670
9612 6555
3279 9924
6062 9083
6058 8448
7015 8088
7112 3966
1446 1546
7146 4561
9148 9289
9925 1157
9534 8450
5155 5031
4700 9452
6392 7786
6357 2155
9791 8908
5520 5604
804 4781
1956 66
415 133
4961 9400
195 92
6478 8148
4556 6650
8178 7214
2672 3956
4631 5686
5755 5852
4170 3796
1125 7646
7656 6492
8582 2165
9273 8969
2966 6349
7461 4845
9346 4791
7734 2666
5414 3938
5046 5093
6892 9849
1768 8595
709 3601
8827 669
7974 1701
8225 7546
5132 8870
9023 8207
7935 4453
9457 9728
3424 2474
7220 1849
1351 3732
5007 6513
917 7621
6645 8617
6727 9075
891 2308
2069 5838
9988 6854
1437 6094
531 868
203 6699
8320 2241
7772 8724
2807 6615
9741 9941
8172 4457
4217 6075
591 8375
8321 9178
9486 6207
7264 2164
9944 1920
7404 7019
692 4730
2707 7042
7967 5316
4254 6609
4779 5937
2837 9890
6668 3202
6136 5022
1996 6525
6544 7832
9590 2512
6446 4102
9019 1346
5598 7107
7998 5533
3091 7840
2310 4201
1152 2800
298 7892
6391 6123
7488 5543
5444 7144
9052 1861
7014 2974
4435 1419
6513 7591
669 487
4419 9097
1024 3817
6102 9681
4034 7689
7772 5917
8175 4905
1094 8367
311 8914
7390 1971
6549 4717
4210 8338
7081 9797
1699 3750
6551 4096
3635 2109
6978 8141
9050 2321
4999 8367
3271 8445
7265 1554
368 6559
4740 2604
6368 3132
5932 682
1509 1132
5492 1325
1447 1439
8345 9942
3728 1605
2257 869
9445 2138
8554 5004
4095 8169
8873 6891
3832 7471
6915 6866
7458 5373
3237 1754
4100 9464
5106 8153
733 7415
7804 888
6880 5359
9424 5417
4075 8561
8165 7041
2807 847
6985 4141
9647 2100
9938 5352
6244 3087
2620 8287
9780 8318
890 7944
3703 9754
4756 4419
9075 9145
4278 3478
3749 154
2963 6267
9620 7734
1897 8876
5678 7982
4843 5735
2497 1117
5819 881
7190 1911
4227 870
7249 296
1839 8167
4913 5918
5926 528
2382 4714
1052 2951
2797 6093
7900 7497
6760 9252
51 8334
5376 4837
560 8879
291 7060
7837 2416
7422 9665
5200 6388
3803 3659
5996 8399
1036 3846
2363 8812
8600 5583
44 2572
140 2667
5273 7511
3801 1635
1481 1044
4152 8804
1794 3974
5828 6539
3167 9036
6644 8199
5717 9903
7387 8794
9022 3962
3233 3525
6479 8004
4624 3644
861 3051
5752 7479
8409 15
4422 5426
7396 3295
3899 2478
9357 6350
3064 5562
6562 5148
4474 9945
3450 7426
5542 4209
3112 4143
1642 2173
5186 923
3713 9568
3844 5435
9761 2250
3761 9592
1308 6700
1015 6757
4766 5892
302 8982
8327 2332
2118 5888
620 4185
6888 1758
9179 8695
5244 9031
5440 876
5723 4593
3400 8808
7012 5778
4802 6252
9124 5703
633 5108
3464 3322
9463 9629
8492 6969
8542 7737
324 6873
7291 3882
9255 9484
6542 4529
7860 4497
7047 5644
9010 3041
5484 2488
8271 3251
3465 7951
8681 1353
7668 2137
5646 1853
8365 3628
6644 7000
2381 4635
5477 7904
5776 3132
3744 7857
3190 521
9578 8944
1288 2743
5355 2615
815 4669
8201 4948
6265 5581
8477 4238
367 7142
670 7901
671 8126
9806 9023
7218 1138
2508 6149
8625 6550
578 3275
906 3348
7338 2334
4542 1516
9784 8796
2523 9337
7024 1860
9872 5868
8837 4622
5042 9428
8595 8050
5963 6494
7259 6254
2536 3522
1957 5919
8896 7373
8722 3181
1145 2827
2849 7552
7323 4502
7646 2657
3307 2081
339 7132
8964 618
6811 4580
6558 9613
5453 7826
8392 935
5466 8232
8303 611
6693 2709
4860 1401
6749 5680
8866 1360
8631 9485
1343 4527
8986 1913
2659 649
2476 6755
310 2653
1049 7455
2195 3505
2169 8692
9216 9607
3319 1756
9500 6063
5389 8460
8718 6321
612 3088
7856 5472
9438 7742
5 5576
9155 6650
2927 2098
3643 2550
575 2350
7070 6661
63 963
5546 8865
4896 197
8026 5871
3864 8748
3160 5391
6007 1209
196 8683
3819 1597
8716 2604
3203 2916
4943 5624
1562 2410
8696 8202
6800 4846
9368 3445
4450 7363
4236 4861
5247 5670
3333 5596
4502 737
5858 1712
8668 7141
1579 4007
1484 7102
9503 4950
2829 929
1125 1433
7823 5635
1832 8286
5468 4515
3503 9407
8550 3252
740 9169
905 512
3351 1952
6058 8835
3542 38
86 9524
7454 4250
4436 1471
2224 3087
9538 9943
9289 9342
8918 8640
639 6601
5173 5302
5361 2213
5892 1888
8651 4225
2188 5158
4255 5023
940 4799
3698 862
6308 5436
1016 1381
6597 8089
1322 852
1511 132
2896 1366
5994 4809
6365 9963
7865 6353
934 3972
4112 1187
8349 7967
1932 4166
9790 1931
9293 439
8647 9028
19 6239
5306 6309
6355 3359
5054 7471
7318 4825
7993 6478
6608 2636
4461 9954
3686 6300
5494 4436
9361 4714
8297 6978
6454 4785
163 1815
1092 2914
2994 5517
168 9096
8871 9235
3847 6376
9158 9865
2990 8086
5625 4440
2006 9217
2843 6390
6430 6208
6406 5989
4451 612
8592 8728
3638 3638
3281 2434
9935 8948
2003 2626
3935 6802
4062 3467
3421 174
8850 1094
2372 9842
1508 8622
337 1720
7303 1481
1550 1841
7892 1945
8352 6678
6555 570
1658 2923
2945 3698
8811 1074
624 6222
5935 8507
6965 847
6737 4708
5435 9861
9259 2884
5052 1152
2475 4652
5908 3822
2755 2159
6233 2275
4627 358
2882 890
5300 956
8722 6044
2727 1390
2456 924
3794 6186
9697 8543
7037 9676
4239 8492
7686 5813
1158 7800
7433 5182
2180 3072
8061 219
9093 6629
657 310
5553 3363
7173 332
6007 1158
1643 9265
6365 8756
2592 7319
8005 8332
891 1213
4622 3978
7702 5357
691 4567
8936 2474
4849 4806
3150 9096
7467 6154
5185 4327
142 3655
2516 5736
2289 9402
4261 6571
4080 1784
6244 6582
7659 5297
2065 9701
8221 7694
8082 1273
1854 4606
6545 2119
9543 495
2999 8576
7397 7388
8875 8179
1740 6695
4626 4197
6489 8844
4849 4013
6946 8792
6979 3223
3843 179
3693 733
7142 9728
8194 1216
4609 7295
4259 3403
1120 4862
6726 466
5874 7391
2861 4352
3504 4121
1307 1386
2943 9715
6593 7309
2770 1069
8186 7
2362 4991
9313 2643
5266 1619
5240 9385
6754 3775
7126 9068
6229 4608
1082 5563
1945 9479
8823 3275
5905 487
3062 8821
8278 8137
6569 7826
4740 2280
4449 3326
4262 2720
5745 2835
6123 7315
4096 3083
6333 4425
9823 7447
8615 925
5372 2294
6536 281
557 4643
7737 8336
7499 3592
9702 2059
9896 4997
8233 9144
7790 6552
7475 5075
634 3046
3637 8712
1990 8616
8487 2293
8227 6945
4116 6698
3652 9030
2736 1323
6226 273
4225 5617
7882 8737
9789 659
9106 318
231 7274
6006 901
8471 5507
6718 3112
911 3276
2456 5603
6787 260
9154 7368
1940 1674
4969 9177
2805 2792
5197 2327
8965 3025
1407 202
1161 6399
6135 667
9194 4780
1632 4078
9688 712
3928 8807
5133 4798
3671 7989
456 7546
8631 3437
5588 9106
8578 2490
2725 7353
1132 7441
3940 122
7247 5801
7766 6244
9744 6437
4582 5955
279 2880
2101 8039
8582 6899
733 4269
63 9497
4796 7170
1181 9953
6233 4045
2125 1839
6986 1797
1338 436
5254 6177
2548 8996
3488 1550
2255 4095
9777 6324
5790 4162
6648 5396
2691 570
7366 3828
2586 6224
9799 2947
2372 3288
5839 8175
6467 5453
8191 3204
5501 3340
5434 2047
8623 7974
8084 6533
3684 9807
8749 7296
4441 7493
2610 7917
1106 9
9045 3324
2191 1345
8204 4200
3525 9992
2684 9128
1863 6269
8880 8356
7012 4238
3921 3668
2939 3004
3326 4001
6993 7743
2336 5968
1837 472
9504 6640
4981 1657
6929 1677
7355 4347
7218 4545
7855 4327
5095 6087
7051 5509
1911 1778
2645 523
6377 5622
7241 5565
6931 8620
7347 7308
7199 6485
4253 4405
5297 4725
5662 1176
6919 5578
7885 6671
564 7808
5980 9592
9963 1542
2543 2532
3004 6688
1253 6390
1574 8358
4428 8836
8884 2627
3156 395
4325 292
6794 6929
6086 502
7041 5497
7061 3907
7843 3269
1880 8218
2150 3698
6707 183
9708 2296
1654 5765
4168 6988
3386 5558
5795 495
3592 3715
213 7631
4802 1854
3330 1948
8218 9777
3095 219
4250 3402
604 5170
5448 2170
8514 2121
2007 6663
9529 631
1407 4022
5760 2225
1534 379
428 1098
5642 5258
1680 5455
3809 9235
9565 4322
145 4507
9962 5812
7650 2009
3843 7158
2772 4477
2403 3202
4717 4260
6685 9421
5312 7407
6155 5225
6185 7362
6633 5117
3430 4949
3577 3585
7902 4746
357 9694
4616 8386
3725 6220
3993 4363
3754 2113
7329 6397
7344 935
5707 3368
8000 4277
5731 5738
8842 1191
6848 923
1513 8241
719 6152
2543 2282
2419 7133
6450 2767
7501 4437
7765 6780
1122 9935
5813 8745
5233 7199
8437 7901
6125 4300
5117 3319
4258 3220
6843 4179
4550 1651
6922 9680
9596 9104
5433 4910
8844 9417
67 1107
7641 9698
4583 2703
7963 8428
7972 2522
1195 2460
527 134
2167 6692
9885 6717
9261 7838
1873 2231
5582 9676
1976 1914
5248 7376
3944 9236
8770 6013
6426 2697
3795 3619
7665 3171
3483 5523
5800 3331
2675 5056
6669 7723
4910 1998
4012 6011
9693 289
2922 222
6135 2031
7440 2271
1524 6725
5300 3711
8713 6955
88 9413
3610 8336
2917 9521
7670 7743
4282 2505
8787 1187
9816 6412
226 6578
5622 8485
7614 1515
1137 5765
3701 7849
7798 1489
4487 6133
7726 5338
8770 3665
7079 5925
3683 9029
3440 4964
715 8116
6675 7323
290 9878
4173 7664
9240 5998
2685 981
2061 6248
8998 4005
3456 5905
4230 2737
8752 9806
1275 6295
1548 9612
7708 7327
1004 7471
9059 8864
1107 957
1707 984
2571 8376
8309 80
1399 5251
2879 3841
467 5403
7636 8363
4366 5325
9011 6133
5496 4309
5231 273
2387 3308
2009 5518
7997 6581
5477 726
6014 4528
7022 3243
5520 528
7438 6752
1302 9252
9941 4753
1104 2114
5353 1307
4887 4354
9768 8769
696 1338
8118 6968
5466 8655
4188 9837
8902 8356
5923 6337
4621 3464
8878 8201
7844 2892
4531 6567
1986 2386
7409 7052
193 6425
1971 52
6426 4310
2791 8497
5548 5751
4619 4355
5854 4981
3200 7288
8633 3859
831 3531
3860 9125
7886 7813
9797 5754
4702 150
7918 2687
2931 5107
4748 1494
9334 7814
4393 661
3526 165
4460 7276
2669 9144
7934 4138
1571 5376
2758 7628
8715 7326
7807 3981
78 7927
4022 9214
3344 2218
3634 4352
3355 2410
5492 5787
5306 9940
4395 1697
9894 1375
5207 5042
7263 2503
4179 3367
3520 1962
5300 4638
2902 1779
5851 2895
8412 5657
4703 8172
4037 7978
4641 2606
5258 1162
2532 529
9000 5732
6178 4095
61 7994
2098 7886
2 392
8364 1627
7245 290
5278 2807
8012 3367
8890 6684
139 1400
4986 8241
3282 7848
359 2960
3303 6430
5090 4699
6457 3976
100 5485
3260 3907
2055 3291
1216 9113
9651 9853
8336 9400
5236 7700
1786 7308
6182 8870
1892 9242
4384 9420
9405 3225
9807 678
9167 2471
8517 6506
7753 1016
6227 4442
254 2474
7463 1066
934 7547
5608 988
7657 8127
3808 4386
9014 4666
1011 6541
41 4156
5483 5958
8540 107
1950 2371
1394 8020
4372 206
3106 5552
9216 8929
1521 7449
5475 1544
5796 9741
5810 2681
6134 8192
3502 4880
3527 5337
5668 8575
2067 1367
3344 4383
9620 8321
1438 8737
8271 7004
2929 3714
7957 8993
7468 1428
4098 279
4097 7003
124 8132
355 3490
2408 2090
1673 6424
6315 5029
1815 4894
4580 7177
8600 5440
6101 1685
2000 3828
4310 3232
1563 752
3430 3691
5366 9046
5545 713
8043 2305
4946 6690
9507 7759
2354 5916
6445 2990
9300 8090
953 8293
6935 8868
6218 3796
9583 6806
3793 6671
6782 2440
6482 758
1936 4856
4493 143
3698 5376
9690 199
1343 1889
1146 553
2287 7632
4888 5174
1877 8073
2993 625
9839 7590
6908 619
7190 915
9656 8894
5562 9734
6710 1076
2479 5772
3156 4698
6880 6800
2211 5376
7230 8393
5244 164
1657 5181
5453 3158
1481 3086
4278 698
1687 6965
5963 3787
280 4063
1102 7514
7918 3992
4928 6140
3712 2224
1687 6090
7546 6096
7318 4636
7754 2080
1238 5734
3593 5030
6819 9405
191 9632
451 4790
4996 8846
281 2070
6855 2973
2091 7022
2446 3916
4450 7249
7151 9447
9490 7384
2573 3112
6792 8930
9815 5684
1077 4533
8812 7002
2659 8609
7161 3662
8641 2631
2296 8844
4860 7740
6212 7133
9726 5854
4724 2572
260 1872
5725 3836
3791 4658
8914 3248
8448 5105
7586 7472
6500 5266
575 2620
6774 1144
8231 6662
6024 4327
9583 8836
4693 3016
5765 7346
1407 2831
4325 5415
550 5834
565 8599
433 2827
432 5717
3110 9129
961 9819
6878 8448
9450 4062
390 1924
2319 8355
7900 8095
714 63
3334 1917
5567 689
3037 5326
7373 6870
3309 6180
3377 6797
4052 1
2225 8899
1482 3629
1933 1304
9362 7657
5936 959
9530 5471
3796 7255
8467 7857
9971 6551
5244 2317
5340 9297
7602 6654
2173 9567
2911 6044
4369 1424
661 1638
2592 323
8641 3000
8088 6707
3152 2069
4121 3699
6115 4214
6211 54
1685 4212
7108 3023
9393 1156
6788 4909
2625 6530
9792 2031
3471 9476
7135 7053
7859 7172
4779 3695
774 545
5668 7418
7837 5491
5020 7130
9721 8089
2607 5696
6914 8001
4010 7253
1609 3727
8062 970
3013 1070
5013 1064
466 2879
1875 8229
7014 2091
779 3124
2527 1489
9332 339
5978 514
1888 6685
1215 4577
4912 2202
1690 7878
5064 3509
434 2711
1594 8591
7513 4123
5826 1882
6400 7082
7400 6290
5741 8487
647 7949
3596 6979
4923 609
5685 2199
520 9866
9183 472
7127 8591
2342 872
7839 6433
6599 9294
6924 4100
6264 8820
1076 7915
9912 4992
6624 8028
4235 616
3804 240
1679 6148
9329 1184
6194 8663
1859 9377
308 8362
2179 2440
5894 5254
4305 9932
8677 7748
7626 7802
5798 606
796 9620
9458 5899
4881 6210
199 924
8752 7121
5588 2469
6018 3906
2033 9224
9517 115
6091 8106
4396 855
4799 678
2866 3538
8585 980
863 6546
7253 1214
3442 7940
9762 7424
705 2815
4228 8218
3540 9210
5831 1520
6317 686
7387 7671
9035 5574
4732 7829
1602 6969
1120 6840
4800 6280
2034 4569
1854 7656
6315 6514
1439 9742
7889 1638
1757 1639
8994 1549
5305 4874
3825 5782
3735 7505
4654 9181
9809 3641
7981 3590
1667 9112
7318 4088
1974 5299
7079 4834
2649 7188
1788 3890
57 611
8745 9425
2978 6367
3723 3930
3759 9087
571 938
6387 6800
8103 698
8564 5110
7212 3497
4277 6962
9888 4312
655 3529
7279 65
7774 1291
9127 1892
2282 8562
175 8699
9049 8074
3725 8672
3942 257
4497 8752
531 1389
5385 5125
7270 1588
4330 9429
7527 2184
6347 4343
9938 5642
1274 2311
85 1258
2052 8160
6398 8659
5337 5919
3954 4651
5376 282
8060 3811
6654 4312
1558 9189
5381 2894
3121 3396
1935 6924
4652 5523
2459 9015
5639 6421
5074 9655
889 789
5104 4578
2780 9335
3324 8331
8807 906
903 1899
8655 6864
2130 1772
4345 7842
3954 2367
8812 8824
4640 986
7139 9590
6921 7549
3014 9558
6042 1500
1497 4081
8755 2487
3710 9651
4946 830
1178 1875
5082 2159
9033 3909
4403 950
5760 3910
1283 4419
735 5753
1630 3542
7636 8327
4943 3910
1184 5753
9216 2723
8495 5778
3326 4023
7941 5451
2777 8958
1840 5492
3787 3909
5503 5985
7355 4084
1621 6275
3651 8700
6996 2327
1315 7351
7691 7313
4128 4311
9288 6491
8496 1154
380 1486
5008 8440
9328 5976
8665 857
6867 8190
9179 5142
6672 7779
8078 8231
9601 4988
7090 8408
9597 5117
4627 3320
5431 3800
9519 9562
3851 7728
2687 6545
6536 8227
7159 3736
4378 7735
6386 6673
8911 855
2292 7536
4414 3278
4185 1144
6385 9756
1669 3852
3995 1828
423 692
7908 4030
2 11
705 2832
4215 5721
1379 150
7541 3724
4619 6081
5201 2120
1545 6135
1561 3219
1957 2272
1524 1315
3919 257
2718 6591
9887 9373
9150 6687
9647 5754
1342 8002
8748 8805
2400 8606
5202 2839
3082 5506
1852 7751
3427 1864
9765 9513
9152 5913
4187 5384
8097 8091
2563 270
8042 5993
4900 8951
4268 4432
5134 7316
7717 43
4899 6468
3684 6406
8475 2833
6005 4468
8829 3992
28 3539
9672 5789
787 2987
595 4045
9396 8567
3739 6846
1146 6046
2491 6756
9251 240
6589 5093
7264 1237
827 2049
9653 1951
6840 6455
6191 377
8408 1685
5363 1829
9542 2355
4813 8060
7550 6070
2222 5268
8254 4817
453 6010
3600 9735
1545 8438
6693 1463
437 9752
5183 8367
5369 3709
2643 1507
6750 6532
7035 9663
925 8735
1677 8580
1285 7621
2273 3740
650 9301
9236 8729
399 9811
8408 3579
7375 6157
3598 8926
2923 8276
6751 356
6278 8469
5360 5446
2361 8923
6033 4094
7454 3001
3618 3322
7232 4888
1855 7482
5389 3350
4730 5487
9631 3529
2830 4432
4093 4895
8759 7197
494 7834
1008 2563
7575 8347
1469 2340
5098 4954
9438 7777
5214 5318
1408 7989
9639 230
7501 3395
5944 3782
8911 9710
2423 1244
1327 7189
2207 9803
8976 1358
6374 3591
2699 2885
6062 9002
9573 8685
8275 4090
3559 7899
151 9504
7811 440
2057 6623
8111 251
8608 230
5540 3950
4253 9764
267 2833
1648 4164
6486 8223
6332 7029
590 2648
1725 7653
4080 5794
2843 7313
8978 5085
8118 5045
6091 7222
8204 4843
5240 876
8248 7375
4652 5555
5149 1696
2931 2956
5696 6875
6688 2503
8612 8380
7316 6048
9672 4081
4370 5997
3929 4059
851 5579
2322 9087
8678 2166
538 3907
1018 4209
4763 8651
432 3951
9681 1733
300 4680
3220 3765
5217 8260
765 868
8561 3644
7067 4274
5628 5125
5822 2519
9566 5557
4249 9636
221 8341
8623 3326
8417 8301
5866 6008
8562 1607
5018 9919
7611 8395
1413 5567
2039 4389
332 6128
8843 5575
9301 9752
4555 3376
173 3683
8382 7588
2417 6779
7400 672
3403 6528
2724 1279
3638 7220
3756 2143
1674 2929
4330 4295
6316 707
1489 5808
173 4822
9287 1203
1581 6916
5908 2080
1877 4994
8552 9849
7297 643
9191 9925
7119 175
9572 9227
3459 7747
272 8281
7377 6566
9748 4193
480 9985
4836 5510
1837 5154
9534 9903
8208 1431
4033 2875
3598 4000
9702 2906
621 3390
4386 2492
3282 9771
5752 894
9067 7359
7907 4695
1260 8057
8504 5211
245 1901
5260 6747
6698 5485
6675 4742
8713 840
1580 8015
2312 2370
9484 7665
9240 5814
9537 712
4076 1773
7672 5944
5620 6861
7880 6297
3812 224
7032 5973
1005 5513
6579 4994
4138 5863
6726 9618
7316 2297
2558 8669
9975 6058
6873 1060
1487 5623
6727 2529
1565 9991
6771 4513
593 4429
3415 271
8787 6426
1948 9274
8940 9756
6779 1006
5388 3318
7987 6290
49 9189
8079 8208
2526 7656
6553 6215
5400 3899
9628 2672
7093 7036
1675 1813
8981 4734
8034 2932
228 8158
2883 2775
1555 8088
2728 3149
1116 8654
6375 3133
8121 6197
9127 6436
6368 6917
768 4616
7087 4034
2002 3823
4249 9300
2914 2099
4569 694
5402 380
126 1220
9214 2395
3994 5801
5388 1337
4521 6337
6571 9144
5793 3722
4275 9718
5778 3085
92 3611
6534 7929
260 5137
81 1917
2606 8041
2340 5695
2895 4204
5865 6963
4464 2932
8834 2053
7984 3515
7434 2688
6830 3856
6309 2312
5055 6710
3084 2360
7033 6876
8839 6130
7784 7768
1486 798
473 6831
7239 1784
2510 7853
3475 610
2536 3022
2527 1388
4954 9862
5105 8266
447 4817
6404 3652
5904 2229
4414 6349
6512 6925
3073 9696
842 3978
1391 5623
2412 8797
4924 8810
5462 5385
9422 4419
9071 6554
5754 3120
5880 4049
3959 5491
4040 7728
4965 6286
7754 5408
4006 9597
1541 6228
9529 4640
1786 3066
7120 7009
3380 7060
3006 8158
2060 8203
5928 1907
7081 431
8967 7746
2283 4662
8995 5486
4314 5309
8419 3898
1092 7474
9696 1257
1046 2073
4797 5409
363 9913
2526 3682
4354 4232
570 4159
8468 8498
9182 5257
2671 2471
3911 3526
332 2734
2861 9792
2328 5676
418 1826
8394 8615
8323 680
3823 5679
912 8451
7219 4351
7176 3164
7811 2420
8533 1407
9196 3604
8022 9685
6592 3656
8485 8189
167 3585
6053 870
4277 5447
9636 2706
6232 9858
6850 364
1641 6638
3435 5721
3081 7140
3423 5320
3939 1599
6920 6568
9283 7045
4014 616
4567 8270
8734 5603
8456 9556
1860 3895
8129 4524
4455 9341
4624 6938
5782 9587
6931 3518
1053 7203
3669 8304
6074 8673
6862 9795
5327 9996
8079 7172
5898 1543
8338 6248
1486 4374
260 1077
1419 3776
8433 5692
764 8360
3967 7432
4085 3219
39 6981
8859 21
8992 6620
8500 7616
5030 9591
977 4794
4930 4095
3092 2403
4661 6002
4095 3678
3791 465
5608 5415
3674 2453
3263 2201
3190 5262
1114 5960
5398 7468
3673 9733
7562 4296
779 9940
9454 7315
9174 5730
8919 6962
8493 5236
4043 4103
1613 1436
2237 9597
1201 4032
1107 1815
2138 3286
2215 9540
7828 1149
1546 1174
6537 3821
7925 6210
9953 5178
8802 5931
2732 7779
6072 2476
9961 3651
5026 8493
882 3166
108 3183
2989 29
9082 5676
1534 95
1712 645
3990 3516
9987 1499
489 278
5235 3568
847 1995
7324 9762
4828 1388
9822 4529
3607 6795
2425 8693
3514 2908
9516 1744
9811 8165
2227 4962
5875 8836
4246 8909
8813 2403
9602 8307
6674 8059
6817 7450
7897 8470
5832 7507
7979 8156
4460 4877
7879 9706
8419 4935
1325 4809
4916 5428
914 8235
9679 4503
6096 7578
7678 6733
2311 4600
4261 555
1273 6887
2603 4606
2727 3350
1675 4370
1534 4453
5842 8732
6281 1492
1761 7999
8057 3277
8960 6125
4290 2528
6579 3596
9942 1970
9638 2209
1280 4068
7252 2360
748 5261
8754 6395
8992 5349
7424 8408
9283 1262
7885 1941
8719 3160
1668 5934
1280 8116
2920 6020
6957 5417
4249 8389
2804 749
4000 2032
128 5124
6853 9500
5448 5052
6013 7790
2951 7496
1783 1934
229 6698
2655 1541
1829 7774
3874 9849
7127 1292
2011 8437
9009 2752
9633 310
4969 4579
6298 562
2962 3120
4951 4598
6931 9222
975 1649
9822 6744
2820 2804
5781 6210
7176 1729
784 7373
2359 14
2954 3931
8397 6532
3676 7510
8121 758
9915 1303
1042 9677
4600 4118
1983 6877
1461 8390
3388 3381
4849 9480
6690 4735
4587 3798
8879 5586
1144 3578
7818 2448
209 1974
4962 8156
7646 1480
2021 1873
1572 3812
2531 2611
1738 6023
7840 9160
9270 5513
4193 2511
224 7024
8864 5838
2535 1047
3055 8032
5167 8460
733 3846
7022 3518
1092 4385
2928 3304
1400 5314
5070 9997
9491 2854
8722 2620
8310 1357
4125 9314
3249 5172
6226 374
2129 7899
5205 6336
6705 7326
7863 3705
5634 6111
5430 7973
9735 1319
4498 2889
7938 5070
4048 4269
9218 9606
4021 1623
7243 9323
9803 5644
9972 630
1244 8752
8794 7706
1233 6210
4055 2149
3306 2489
2860 9116
2942 9556
2957 4784
9041 7751
5997 9657
6185 3414
788 7859
1534 9632
9510 9070
9229 515
341 7511
6620 4724
1963 3464
7028 8272
3439 7832
4068 5894
839 8231
6755 714
4076 1538
3580 1596
443 4461
2054 3458
3568 692
555 1320
6216 1680
568 8890
6631 4236
8103 5212
6667 6741
5966 7080
2631 3920
8674 7765
2312 5641
6069 9952
899 8063
6547 1310
4603 2860
611 5934
8176 7282
568 6731
3118 5101
5811 8045
4461 1719
6165 468
4510 5299
939 4463
2243 9853
3897 1687
8103 7706
7988 2183
3827 7115
5760 9274
9207 7754
8808 1591
8911 5758
5759 7881
9840 5474
6263 3343
2429 1969
7985 7515
6116 1285
1185 7266
9091 5190
1237 7440
8356 6881
8250 6284
1208 6737
9183 5311
1122 639
4399 3708
6549 2778
7601 2676
3979 298
8464 370
3749 4905
2433 225
3243 2345
2897 8837
1257 8796
3080 5799
4339 3138
9457 5495
8727 6667
6650 1779
1837 5112
4162 4763
6857 3952
2557 3156
5423 5163
4511 8763
8005 1809
9238 4169
3067 7986
5995 6297
3495 4175
1783 1686
6452 6935
7765 6498
2341 2800
2258 6663
5347 6078
7452 1765
5495 4130
7411 6955
3381 5485
2161 5765
5360 5044
3078 9016
4627 850
2952 3755
7687 8145
3999 7810
6119 7226
4537 9548
1927 1235
6627 3644
7208 9725
4273 8929
8914 3950
3244 6716
7866 6810
7238 8514
375 3234
1848 6616
8080 4301
6103 9254
8765 1565
9859 9338
7622 8474
1461 6462
2541 915
9156 216
1005 5677
5599 9051
6313 8069
9697 9898
3364 7878
5903 953
4239 6369
41 5392
3845 5362
2227 6232
8582 1506
3007 1991
831 2806
5588 2906
3149 253
5419 7662
1141 9486
4705 5042
8424 9489
4388 16
9271 8669
8699 5907
725 730
2395 6881
6920 1749
7718 6602
9479 8137
3100 9603
5967 8561
9042 6698
1852 8126
781 3063
2725 7676
6200 7416
6641 4546
678 3409
9391 411
2652 8777
6738 5554
7415 4898
4396 3289
2485 6970
2425 5310
4622 7445
3879 8370
8922 962
8487 8361
647 4875
486 8542
3913 9364
865 2944
5575 2587
8998 1475
4795 9111
932 3332
269 8797
8268 2225
8130 101
1781 5597
4979 3452
686 9384
4191 3479
5289 7998
5917 1318
8954 7966
4962 3148
5886 5339
6866 8822
7657 7470
1345 4114
7353 7890
593 9316
3305 5366
8618 39
1425 4115
745 84
7181 8412
6336 6967
7161 6106
7755 4600
9693 9551
387 8654
155 4386
7491 7015
9 6988
7160 6616
7007 7610
5512 3431
9831 4140
6877 2680
9301 2994
9017 4375
5600 7018
3942 9640
535 1056
7350 6295
4407 3125
4137 898
2759 7127
1009 6929
6312 4769
9697 8350
7346 8540
2712 4598
699 2433
1755 2824
7810 3458
7533 1700
4577 4051
7526 9917
1808 3259
8189 9475
5369 2995
4548 6451
6545 8072
6190 3995
2410 7394
9849 1232
9001 4232
5639 3280
2198 2325
8979 6156
9964 4821
2214 3345
2457 3494
873 5648
9721 1857
6474 1261
7740 9193
129 1034
9950 8668
8700 569
5087 1034
7891 6499
9995 2673
6334 1354
7285 1912
8054 6585
8690 2718
6761 6644
9712 9012
7456 4704
9615 5871
4117 8973
761 3096
3995 9172
8698 9913
9137 9687
1647 3724
1662 8547
184 1805
4563 4318
6827 8714
4440 7949
5906 1019
2651 670
923 1491
9208 3715
4108 9617
1259 144
8231 6176
7594 3085
179 7420
3535 1576
9782 5411
5451 5565
760 7933
8560 9697
5474 833
8903 4596
3846 6252
8154 5921
9519 7814
6588 5893
9933 5533
8648 500
4031 5037
9880 8065
6177 5654
769 6764
3782 8887
2943 4268
3099 8249
9483 8593
8820 8838
4498 8274
5636 7242
9777 8670
1648 2209
9801 9688
2696 6918
4382 3471
1920 7848
6830 6275
5094 9268
7757 8850
8930 2065
8391 8424
281 9626
6047 4959
5911 8704
8069 8019
3046 7911
3307 3117
8886 1377
2958 5729
8748 5122
7719 913
4791 7712
8870 2360
910 3567
5026 6151
2109 794
5345 4232
5538 4065
7799 8844
7060 2623
2657 2613
4038 7699
6146 5515
2295 3453
2195 9763
1921 5159
9284 9009
9565 3649
5335 1660
6385 4040
4331 5483
9362 7740
2383 1357
2683 656
2042 2710
3372 7584
6473 4914
4713 2275
3319 5861
8192 7162
7011 4682
758 5427
9914 3952
4813 7302
7852 2393
9757 8963
7148 2748
59 1929
4565 4176
8687 4322
5264 2279
9988 1815
485 7132
1150 7135
3933 3045
5882 1771
9615 4063
260 2918
6113 8704
2031 5804
9305 1714
9969 6748
8879 902
3641 5395
7078 6410
8059 612
4920 4293
8738 5832
1360 1850
9938 5358
1372 3197
5841 8662
9546 3790
2681 1141
6232 3757
2247 3756
1377 4998
3929 2317
6996 4706
2322 6625
8609 7694
7762 3028
1672 8967
1621 7175
4271 7435
4160 4756
1885 9079
5304 6800
6581 6504
187 1435
7679 61
1638 4675
6512 2535
419 9451
1719 2749
7329 880
1034 636
8230 408
3291 1554
8151 1908
322 2886
203 1727
8820 6146
6027 1293
690 2191
1413 7281
3567 4405
3644 6866
3632 3644
7189 6562
7567 3744
9070 100
9599 7381
1533 8612
6229 4276
1715 5061
8445 1380
8147 3863
8320 7549
4153 5701
1290 6020
930 9983
1183 4564
1981 8096
8316 8041
2554 6046
4690 3774
9559 1204
7117 991
8919 4363
5891 7892
9061 1666
7555 8368
6578 4848
1668 2344
2026 7796
2975 2471
852 1966
1091 7
7881 1614
76 5821
8036 2065
1306 228
1497 9573
5059 1756
1743 1743
4466 1701
6652 1579
4164 9938
4933 3
2588 130
4536 3371
6310 2601
2822 4838
1979 1347
6407 4668
1663 2251
8807 1359
6015 4222
5697 5929
7293 9120
44 1902
3191 7396
2936 483
9549 8268
1826 2334
6759 8605
6640 3775
9321 7224
6220 6885
1281 7357
4376 430
5492 7595
1103 808
1130 8669
4365 4771
8025 5478
8391 5606
3708 7970
7094 8974
4679 8319
507 1143
7372 8180
9674 5326
7850 4130
9494 4237
9520 8211
6636 3059
207 2398
1627 674
3677 1873
6190 2002
7248 2370
4550 5597
1832 1843
5494 7883
5343 2062
979 7986
9593 2118
4308 3814
3029 6633
5787 4948
5580 2179
4236 732
9150 4342
408 3865
5553 1798
7254 1302
6575 8731
3004 1831
3502 6475
9930 4676
8620 7676
138 5957
2827 797
4442 5140
8066 3998
9053 6758
2965 1546
662 7135
8558 3066
9921 2159
8405 8428
6370 2151
7819 4484
8065 4159
2146 3483
262 5443
2938 2578
6628 3510
9881 1717
5492 4882
6256 4449
5245 4427
1951 3121
85 3364
3196 4758
5644 5828
5893 4677
1426 7488
6688 859
7144 5024
9730 211
8979 8019
6636 6632
6747 2767
1806 1950
2290 1700
8081 319
1384 5512
4077 5801
9810 8034
5163 5896
1408 2845
3297 8377
472 5741
3630 8442
707 1865
1622 1807
3578 9527
4724 5260
3265 9574
6224 1471
8908 2511
342 2123
6361 7520
7180 9953
5965 9497
8800 7320
8692 6176
9501 3512
6222 6474
8164 1880
5512 4648
3027 8796
9058 3649
2070 3066
8787 104
1368 8297
2627 7340
1036 9556
9609 6291
7728 537
9245 8669
3018 1345
264 8572
3378 2008
1915 597
7099 3782
927 1456
8272 2149
2086 7408
423 9884
3336 1102
6438 143
421 6093
6449 6071
6932 4274
5818 9578
1049 4088
6651 9075
6292 2937
3749 9998
9122 9386
9890 6355
2545 7572
8192 8293
9441 8061
4999 5368
8951 1056
868 7463
2552 3687
259 5926
9372 8458
7523 5655
4633 5892
6532 4163
7840 341
4029 1627
499 8445
8720 2261
8170 1946
7029 6530
5111 3106
6143 1081
8111 101
7865 5343
9199 1681
8270 2536
4327 9086
1899 5759
7168 7782
4754 9560
5453 5017
6671 32
6684 7989
6167 9661
8296 9137
9739 8549
3453 6544
4487 5723
5774 5870
4813 1669
1943 3787
8921 8293
4443 6428
3465 4057
2905 6257
8482 1571
742 4073
8824 7339
3803 5426
7841 4692
8016 6379
994 9979
1838 2657
8177 3092
6001 8384
9831 5403
413 7743
1845 9332
9337 1809
5097 5958
2411 3102
5509 1910
1257 7707
7781 5901
5456 894
2922 9445
2824 820
1989 5110
4532 2073
5055 7246
4978 5780
7471 4709
8223 2973
56 5329
4550 3867
6739 4856
2141 2133
176 5057
2985 9269
7935 831
3798 3876
4543 7869
3214 2635
1088 2041
8146 2531
1277 5859
1843 2299
8843 1145
1756 9555
9759 6460
8040 3420
3591 8687
1694 3394
4440 194
5732 2714
6842 7867
7349 3945
9202 9010
9973 301
3328 1765
2402 5309
6690 276
7768 9724
8498 5164
8011 4518
4344 5010
1489 6026
1740 3263
8339 2611
9043 3002
1266 8122
6784 7933
9698 5478
2465 9645
5977 7882
4423 4391
2235 6525
2989 6936
3631 5360
658 9001
7933 7612
6867 5788
2403 6961
5707 2216
8430 3944
5478 3230
4047 1929
2183 4827
6224 8768
4172 7771
4901 3301
2744 2499
7683 9668
9578 1494
7351 9519
9879 2579
1933 6861
1460 5770
6949 2369
4859 7425
1166 819
162 6652
5869 5278
9951 3286
5704 3121
1040 7038
648 8663
8505 3891
6194 3901
7277 9429
3516 8413
5954 8436
5419 5897
8533 3739
6623 3590
2975 6249
9463 720
8058 1341
2581 6688
9827 6083
5746 5478
4086 1922
1945 4146
975 4617
9142 2734
4959 4626
4317 2709
9687 6848
7038 4098
5498 2166
6961 5137
8476 8136
6700 5899
3512 6341
5540 6931
1758 2286
8865 8616
5534 6525
1730 4796
1234 237
983 6896
1374 5772
8317 4174
4077 6037
3596 2156
6044 6694
4434 4142
5002 2091
2929 8315
5596 1958
9966 1354
1953 4091
2497 5009
7025 4286
7994 9392
7403 3499
117 6316
8022 4238
1980 6096
5011 8335
9210 6049
5730 9150
2435 9624
5696 1296
2281 8955
8568 9796
6719 3020
3899 9296
6807 1990
8579 1802
2508 357
5893 1726
8982 9203
244 525
1970 3078
4967 9667
69 512
4134 5230
2141 2408
342 3397
7702 8236
4179 1522
7564 1722
3037 5848
7033 8594
7789 5589
927 340
9730 2715
8957 7606
6851 1394
2509 1225
8577 1323
6154 91
5851 1079
5133 9603
7742 3024
9973 969
4111 9180
6545 5723
1732 9127
3553 7705
9166 4383
2928 8322
4910 7360
8418 4642
4007 4111
4404 8232
5281 7504
6565 8967
8666 3602
2479 2497
7574 8773
4361 5208
990 6386
8595 7814
1904 7718
372 9122
5542 3079
9235 3562
1947 7752
9160 5567
767 9839
8739 5049
2283 7158
9059 7144
5941 8830
8548 1757
3419 5018
6370 5326
3689 2638
3176 9266
6898 8732
9088 5528
7373 4711
6470 4127
7149 4473
2953 9284
4360 4121
5990 3824
9645 5738
329 5759
5362 7710
3658 6513
3515 5210
154 1405
8110 3241
9197 7133
8999 7187
9719 5062
7953 3407
430 890
3783 2964
9851 7788
2897 8483
9329 3755
2416 2027
4578 9225
8213 2732
3566 7173
3952 3880
3335 7818
9548 3044
7528 2293
5739 877
8916 3148
2679 8782
5503 163
3128 3549
2785 1026
5732 3970
9146 8999
8028 6942
7932 8824
3686 9824
2744 129
4272 9420
3292 7634
6403 181
666 2136
923 5407
4779 4114
2715 6162
8713 1234
2711 6201
2793 8158
788 4523
4133 417
7321 5205
5084 5469
9332 5829
572 3057
1272 6611
6174 2493
2357 457
9562 8780
6763 7714
7253 6285
3504 6245
2160 1848
1374 3203
4863 9990
2344 5767
1262 7431
1718 9677
2102 2841
2464 5716
410 9973
2163 4822
6588 894
5678 1257
3930 8635
2154 2328
1043 9398
2736 49
7519 1574
2983 3884
831 1671
2695 1993
6135 4736
5132 9633
545 2075
287 6608
1292 914
6769 6335
5029 7095
5324 6843
4183 7340
4601 6473
6577 1211
5966 8709
7622 289
7811 3374
7554 3120
9175 9172
6059 5185
4778 4071
8696 3134
5812 224
9433 221
6948 5812
8437 3146
6845 4722
9388 4816
3204 8889
4591 940
8833 8590
8139 8454
2712 6802
3537 616
1490 487
6603 5008
2303 4482
7058 7989
7747 1092
8486 7377
3876 4951
3561 1556
4660 6337
7670 6237
3740 9115
7488 5874
4134 7336
1063 6606
7923 1989
6965 2324
9310 7210
7015 9007
9150 6643
7554 7706
3923 2193
7314 5561
7718 7855
7413 5739
8405 4285
1250 8043
9370 9835
766 544
5198 8560
6125 6381
7882 3583
9841 5292
198 1449
3418 6888
2455 3657
8053 3815
4477 1374
4957 2283
4262 1145
5768 298
4628 5681
2300 9881
7316 1656
1437 5525
6156 6339
3548 2915
1965 7516
7764 9994
9144 6833
9081 8858
790 4706
6785 8764
2563 8731
2869 1259
2895 2354
6669 3847
9917 5128
741 4864
662 8974
6455 706
4991 8323
1957 3681
9303 2405
9875 2959
2642 5192
413 3164
2707 8095
8539 8899
7422 9934
7918 8758
7820 4307
1196 3671
6380 7622
3798 7114
4084 1861
398 3117
4368 8575
6008 1431
3421 187
8756 1520
703 3222
9163 3810
1903 4487
8157 9599
9812 1555
6298 5343
8855 8370
100 8529
3794 9391
3230 2550
1676 7355
6829 5324
8721 7092
8137 5499
1453 2728
1602 5137
9560 2727
1011 3823
7049 5055
576 3078
2809 9307
8339 4096
4855 9600
9541 9463
8572 7306
2270 8169
9168 9638
9836 6550
1049 7499
3104 2565
5176 8223
2774 6695
3341 751
1813 4226
9473 9238
1195 7955
2109 310
5212 252
1810 3127
799 2098
2000 4566
921 8169
6831 6688
1631 4673
6716 5779
9998 5743
6264 3183
8973 610
5778 4006
4376 8446
4138 8403
2830 1809
1603 8197
535 8879
9280 8307
7834 6717
5725 4224
6208 5769
2521 9233
3898 355
3139 8275
1867 4031
1659 7238
9181 8233
9460 3068
1824 7632
8064 4578
8240 497
6976 4592
79 7094
9986 8436
8324 2831
1923 8895
761 1108
8894 5189
3243 2103
4846 1298
4362 3409
1522 9849
8434 4638
5586 953
8938 8202
402 7362
8381 8525
2836 5625
6720 9577
7683 5160
7183 1980
912 2200
5479 2842
2854 6211
9696 4259
9189 4877
7737 6721
5554 6837
3557 2058
1668 1933
9964 1189
3895 4039
876 2889
1489 6475
5505 6494
7262 8641
6503 7554
418 672
8628 1926
6150 7174
1542 9102
334 1870
375 2568
8765 5504
8424 7917
9445 4562
5649 7950
9163 1424
4318 8733
444 7217
6671 1597
4319 7306
8844 1045
572 8037
1769 5517
3021 2034
5383 4495
1455 3022
9859 671
4820 5485
4373 4396
9551 8011
7559 8566
5761 33
2147 1442
8489 4991
1910 1572
4420 8314
7135 5848
1252 6778
6924 903
8992 8366
7408 8977
6109 7463
3533 1315
9287 8186
1323 3799
7553 8731
7351 7890
4303 3562
2100 4385
9310 5594
3892 2709
8425 4901
4476 8645
5468 7889
1561 2424
4980 5629
562 7881
5576 2390
15 1122
6831 1696
1223 1866
2736 4997
44 9899
7110 5243
8676 3301
5421 1824
9065 4107
7254 4404
4310 3011
3506 1550
4924 8873
8045 3358
5461 6542
1463 7898
6451 3697
99 1233
7266 3039
4405 6754
530 8207
8165 5584
5346 2247
5293 8599
1843 1316
6989 2667
2950 2333
7900 5541
6979 473
3960 5365
1246 3579
5723 5109
7683 8984
8495 6179
4840 7808
9463 5156
9695 7029
2676 596
9178 330
3490 8396
5890 8754
5151 977
1723 5458
3635 1820
3472 4079
8169 2876
5144 8523
6303 3688
1787 6338
1286 6109
619 437
942 2382
1356 3044
5550 9067
7892 1760
2584 5276
3801 1711
945 4676
6620 7447
1732 4843
5604 8880
8041 4586
9235 7426
9796 233
4710 2556
3909 9471
8010 1014
8330 7608
8753 5763
5285 8852
3853 3237
885 9108
1573 4816
2207 9662
7254 2548
3067 4413
936 1091
6371 3551
7043 3105
8382 6373
7631 2023
2572 3935
1290 6928
9281 1761
4920 735
4258 8598
4582 1121
9195 7344
648 726
613 6430
338 658
8527 5395
7758 1672
3591 9510
9243 1515
8706 376
6149 8358
3125 3583
4488 126
7647 9878
1180 5823
1528 7558
2201 3365
9164 1301
1096 3601
5205 9396
1262 5683
351 7028
5954 534
5112 7890
7713 1941
6950 3067
6747 303
1256 2461
861 3688
8643 7694
9504 778
970 9876
1692 6812
1928 9476
2064 6062
7694 7260
4648 1564
283 5798
3802 2592
8160 3465
4716 7191
9364 2374
9337 1000
9535 5918
7875 8846
1640 657
7117 8987
87 3003
2685 9337
6428 7539
7465 3074
8300 4909
441 4033
2403 8767
9586 6843
2995 1663
339 8416
9562 3062
1600 7453
5948 362
3310 3634
3127 329
2656 9309
9201 2426
8065 8759
3503 3504
7819 9100
2825 9932
6104 5201
1793 7009
5056 3088
9609 2220
8118 4962
9811 5180
695 7525
5749 5270
6473 6441
5386 1406
4816 5056
5755 1011
5988 1139
6131 5359
8938 3198
4585 5894
6066 8512
8772 6229
621 1579
675 6465
8787 2624
599 7910
3759 8099
5420 6812
4991 8516
8255 9049
9022 6145
4007 8863
1283 8706
539 484
5720 7814
2365 4976
2256 5013
8963 3757
1504 2014
206 7723
5386 7437
8221 9985
2228 621
6213 5984
9412 4007
4434 6728
2386 7823
7373 5985
1060 4733
2133 6596
119 9580
4004 9594
5823 2237
752 4945
4321 6460
4303 7435
3152 9403
8159 1498
3721 7724
3485 6992
75 7661
4065 7716
8038 9564
8434 2925
2948 5799
6462 5732
9639 5172
5923 2699
3926 1060
1195 5984
7377 4108
4778 5265
9491 2903
9360 3792
2052 8507
7960 2264
8358 1898
9752 3549
9753 1456
7225 3262
195 2002
7919 2235
1394 6017
3657 4854
2238 5859
4637 1371
9149 6
720 953
7395 3225
8786 2114
2904 5123
5600 7760
7146 1727
8639 4152
9110 8911
861 1479
8647 7453
1649 9162
6392 9735
2872 3434
3025 3890
9947 9116
97 3515
3030 8699
5802 6713
5546 3783
965 1197
218 455
4840 4376
6334 8588
8017 7103
3633 4852
2133 4115
6365 6890
6366 1442
6087 5265
5611 4093
640 6662
1669 2428
7879 4207
7729 6202
6474 7008
1458 3958
6826 9176
3475 4690
5159 536
5037 6979
3126 4278
1693 6892
1774 6632
8056 171
8687 4009
9376 9332
4689 6635
3654 8819
4400 4831
4099 8170
6046 9733
1283 7855
4296 465
2681 8428
4038 3386
2398 8681
2875 8735
5374 443
393 5234
6253 9406
7552 2122
1163 5930
9483 4292
6794 5546
9652 9740
5395 6367
6896 286
3431 7189
7497 8172
5666 842
7695 5846
9834 1365
8465 2086
3925 8241
9964 7041
1167 210
9354 562
9088 439
517 5146
1475 33
6161 6252
7537 8550
7021 5719
1826 6538
921 3765
2251 4787
4895 5265
4377 5697
3200 9125
1539 1919
5997 4331
7264 6678
9718 4581
7748 8823
8667 8818
2367 5514
7628 8119
7030 1909
5833 6041
5423 3660
2799 8568
5315 8200
3289 6236
6680 5900
6902 5209
5117 7060
4490 4267
2252 2150
4703 7038
4476 5548
9585 5695
4213 2946
6885 1957
9115 6912
4658 2813
1179 4700
617 2148
4471 9534
9988 2261
2871 9563
3311 6933
6853 594
6393 849
2425 7713
9691 1520
3446 9552
3396 7702
6441 8890
5294 3247
508 3387
6133 7319
4675 6120
1877 1140
8048 8947
2818 4090
8079 2504
9367 6982
2336 4181
6903 3030
1708 2989
6941 776
348 5188
4457 3572
3744 6340
4898 4701
3261 1727
5678 8432
6758 3657
4074 8441
8952 4781
6350 5211
8100 8177
7541 7870
6803 9432
5499 396
6657 5877
7761 3054
2663 4862
5412 3592
132 7625
8436 601
9641 3316
9768 1611
9111 6515
3060 791
4045 2347
4679 9524
4861 556
1859 3489
2522 4916
2994 1634
301 4678
3536 6638
4040 5642
4204 8521
1370 6799
2283 4128
3841 9275
9926 7166
4614 4031
2496 4256
8083 6446
4275 4143
5965 6238
2418 7712
650 4890
188 2879
9780 9978
4232 9955
1011 3379
8594 9834
970 7658
3053 8050
1222 4309
4158 3767
509 9371
7342 4519
9357 8842
5448 2557
1719 3767
1879 7807
6861 5994
1878 8984
5822 3358
6678 794
1225 5768
6879 3114
7937 8490
998 503
2859 6355
4874 6902
5573 211
4566 395
250 328
948 6033
4073 7727
587 2734
816 2248
6344 1505
2521 9670
140 4352
9291 592
9728 7661
370 9297
4392 8896
4949 3437
4304 815
7464 1562
1480 131
1685 9261
3284 1798
9970 4475
7320 3915
3188 978
1665 8253
2856 4346
9990 2725
9225 7917
7602 3620
8462 1648
2119 8380
7837 2264
6277 7202
1365 6633
318 9288
7086 3543
8548 9499
682 5137
578 2810
9951 9112
6202 585
901 6100
5434 4473
5440 9734
63 1356
6703 8228
3049 96
1214 3221
7251 2132
7612 6174
1266 7943
2677 4960
673 838
7274 3076
287 8277
1748 450
7107 2247
2243 7167
6053 4189
5106 5925
376 390
5741 8597
6878 5191
5103 42
2579 7967
7537 830
753 7726
9520 4777
3209 284
7501 7065
6514 7661
3715 2087
7771 6135
1005 8122
7939 5728
6379 5502
1980 4163
5868 4140
991 8280
8794 3472
8061 7260
6836 479
6805 1923
7963 3353
7385 6532
3112 6465
8727 9897
1301 6141
7365 2409
6618 2269
6200 9644
8007 3105
8533 4107
208 1630
4541 4352
3349 3163
142 98
9058 1409
9958 7076
5066 6685
6789 1723
8231 868
5431 2406
3647 9838
4270 1935
5974 9800
2188 6257
2382 8917
7990 2861
5563 4799
3864 2365
507 1500
6304 7766
3075 5489
1001 6251
4712 5057
7696 6953
1396 9442
6013 6024
3829 4863
8493 5592
1245 7856
8272 5253
1845 5610
7456 7287
3526 6137
723 4915
8591 9158
8554 171
8288 5299
9653 8676
1420 2921
918 9593
7620 6360
322 668
1443 1681
1143 5164
9892 3414
7005 3870
8806 2057
8736 2518
4366 1029
9119 3886
6754 5458
6645 4627
5686 2797
3488 3721
2732 2434
109 8895
6607 7696
2114 884
7738 3705
5552 3223
8195 1678
4917 7926
5476 200
4081 5531
9902 4627
6484 8999
3966 1403
1165 9014
9106 9864
9787 7020
3706 9339
384 8310
5912 746
3461 9718
3010 9668
2812 4501
3038 4929
3406 2699
5858 7430
804 435
3336 9259
9158 7291
6514 514
2800 262
21 4156
1428 859
9721 4879
2541 8382
5645 5326
5797 441
4526 3027
9789 8403
2365 4826
6184 7735
4183 1738
3543 8495
6664 5219
6819 8668
4254 7624
4777 6660
8692 353
2361 5489
6500 2032
2564 8165
3998 8311
9542 9573
760 6380
6831 2874
7692 9952
5838 1139
7273 1267
7314 1761
5159 225
5772 8273
3993 551
2427 9006
6613 629
6062 3489
1141 1540
4819 6558
849 7147
6159 4964
6952 3271
8575 5562
2823 7069
1101 5828
9661 2934
3713 5675
8140 7990
2166 8214
4964 5504
7864 1071
251 4787
9082 1635
5774 741
5623 9209
9368 4465
9065 5682
9785 554
1376 8141
9327 1444
4227 3765
8465 6643
6587 6590
7593 8980
5312 1793
1547 4336
4931 7761
374 982
614 648
1191 9515
139 769
3597 9661
2599 4929
6705 5475
8096 6061
5250 4302
2502 5130
361 704
104 9145
4809 7748
777 1936
1677 4116
1782 753
448 6021
1292 6028
7215 6447
6004 8394
1434 2486
2986 6544
2982 6146
7537 387
8001 5332
1908 4768
4787 5573
3115 6253
4699 7170
1859 6076
1754 2271
3934 4084
8926 2690
6082 4632
1514 4930
7967 9189
4998 1855
3754 7523
5866 1018
3717 5913
628 9857
7358 7739
2204 3073
3091 4761
2503 7460
6929 2589
1189 500
1961 838
936 6429
2525 3492
9492 573
7076 2121
5052 7410
5725 6560
3333 9643
5177 7463
2593 5152
1481 4256
4533 5856
7996 5098
7420 8327
515 131
8847 3109
8374 4801
1850 3176
3043 1807
3767 5496
751 3659
8615 3253
8187 2344
8843 4621
4650 6391
1977 4740
870 7465
7506 1008
204 7412
6324 8603
5451 3285
3491 2413
3489 921
9164 6199
5901 2853
9351 4327
9015 6050
188 9226
1319 9198
9995 4567
3084 5465
5904 9186
5179 949
6863 1518
7585 223
733 2827
646 1425
3821 3482
9769 2961
497 1558
4001 9779
189 282
5777 3807
3737 5014
7195 8168
6140 2274
992 8315
1567 4429
5478 4246
2641 7705
94 1887
7181 1502
4758 9045
7289 2462
2037 3914
7247 7076
1489 9055
1934 599
1339 4265
7747 3238
2791 1998
7099 4816
5338 4470
586 4707
4534 316
2601 621
4454 6333
68 9484
7303 9333
4834 7493
8427 6139
8411 3154
400 609
1984 1708
6969 8621
2857 6511
3483 743
7782 2617
8658 4874
1815 1545
6709 4818
3210 817
2309 253
867 8515
90 6861
8508 3707
5803 690
9061 7134
8502 3909
4884 3170
5928 9080
4032 1555
2767 7285
185 8239
8533 9346
9861 4537
2358 3600
8998 7046
3640 8016
7740 2137
300 4476
5878 4148
3480 2431
4885 2503
585 3875
7822 478
4860 3
2137 531
9858 727
4461 1167
8563 9826
2757 1500
4344 9926
6297 8125
3147 3498
282 1663
7985 8075
3498 2818
7067 4421
5932 6619
2969 9938
5187 9672
9655 131
9033 1852
5663 2401
8527 9283
3145 368
662 7115
3853 8724
6873 9859
692 4633
309 5464
4888 1107
1014 7441
7012 28
148 9398
1707 7619
3553 2651
451 7453
5748 4881
4366 3845
8591 1294
3195 1562
1927 2780
3154 4588
492 4822
3680 6669
6681 4283
1054 8092
7144 9553
54 6357
2200 8123
6358 6519
8315 5714
8382 7351
4713 9654
5713 1945
5134 8190
6939 3140
6248 7305
9365 9991
3689 1395
9937 114
3393 9423
5245 347
543 6396
8115 2752
6485 2932
9846 4322
5935 2387
4463 2774
4459 8199
2939 3097
5846 6483
203 1591
6627 3326
1236 1704
8805 1412
7908 1813
1624 4617
4239 7623
3116 8774
1911 7820
1680 20
6875 8272
9388 1521
2607 4994
1656 3243
2409 7122
7968 9168
8020 9481
9373 2742
8247 4924
2309 8954
7835 144
3391 364
3848 6532
7312 6933
4348 8810
8855 3008
8655 4228
2004 2577
8126 818
8895 3762
8142 4860
9120 7532
6444 7700
6975 6090
5435 177
7984 3600
6413 14
8380 1285
9920 102
3433 5034
7218 3492
9307 9210
1828 6588
3187 24
45 4455
1948 8933
243 8122
7621 5389
6781 6738
3974 7832
4650 3733
6143 4999
1844 9243
4605 9155
1763 7344
6874 5138
1695 1873
7524 9908
2259 2688
2808 8307
4129 974
721 3187
265 5721
3861 8610
7130 6115
6575 2443
4111 9159
6431 3833
1449 4300
93 6772
8047 1005
774 2588
2245 2436
4281 3093
8530 2833
4793 9705
8308 3620
5366 9937
2188 6751
6055 3844
8100 2434
9635 9390
341 5290
1558 9272
8522 7203
1056 9534
815 8521
7442 8425
6441 6654
5207 6993
4353 2243
369 2617
6904 6392
1200 1793
2424 9214
5399 7425
7093 9072
5946 5921
4593 8168
9497 9690
364 1631
3986 8490
3692 8356
895 4834
7295 3835
3190 6204
1196 4106
9786 7739
1418 6210
3733 1506
9335 8678
9350 192
7730 5351
2371 2511
6793 2643
8977 543
4102 2695
1941 2512
856 7381
2154 4629
9632 8813
2773 4909
4331 3178
9517 2816
507 851
2988 9399
7923 5610
7002 662
2258 3633
2206 2175
8554 9994
4212 2275
8799 2813
5792 5633
1958 8335
8702 5574
8727 4614
3736 4148
4641 1065
5433 8996
6943 8519
9251 2262
4265 2136
5840 7210
4260 8189
2519 1441
829 9358
6173 1404
1437 7039
5906 8496
3703 4566
5191 3529
4834 8729
7848 3603
405 7427
8395 2528
846 2109
1028 9952
6621 4974
2524 8961
4027 4383
5061 7283
8551 4658
3476 5169
4076 5159
7768 7755
6788 7959
9406 4465
1517 8494
8718 5677
4780 8912
7268 5855
4591 3448
768 4161
875 1687
9965 2833
7707 9813
2731 4660
3071 3703
2129 5888
5977 2507
1161 1951
9024 1467
8964 8376
8209 7447
6127 8007
7134 1923
252 3658
4621 3427
1131 6884
4789 9440
3802 4118
2405 9411
7271 4305
3285 2298
6307 3585
2707 3098
2207 6462
2061 8056
3245 3329
5246 2509
8770 7852
3887 8009
2457 7626
9906 2056
2710 8868
9547 1003
8949 9400
6476 3165
9617 7650
2440 8599
3090 213
4260 9185
6804 8563
7101 2898
5527 4729
1238 4090
5786 2767
9517 2768
9571 7582
3889 3818
7455 1274
3029 2093
3991 1374
3157 2042
2959 7912
3927 9219
5809 5730
2781 5824
4933 5183
5132 9138
3851 4256
4892 5603
3548 389
3261 4973
8962 7444
4739 3017
3790 395
5185 3110
3938 9475
5261 6033
2734 902
6141 6225
7386 3404
4488 696
7817 280
9529 9895
7710 4145
5069 5686
724 8861
3098 1638
1283 9077
2079 1269
1027 4139
9454 9258
2414 5860
7336 8400
7663 6240
6919 4465
5608 442
4518 5938
4695 2810
3387 4095
3156 3341
9124 1823
6570 4260
7851 5941
2182 5104
946 5400
5860 8114
9170 2103
5804 6745
75 3672
953 6865
1084 1429
386 6851
4731 8434
7772 7278
1313 7543
9665 2527
1421 9046
8939 4205
5925 8693
4903 6863
9566 3206
9849 8649
3698 3157
2407 5
2125 3936
6671 7767
9486 823
5508 3563
15 1675
7319 9053
4825 6804
2938 3125
4217 7719
5702 7607
9559 7813
1740 7400
3304 8889
1159 5472
248 9501
3664 8970
4435 1114
5786 2231
3691 9596
4676 5951
9130 6668
7147 8481
3794 1161
7285 3103
275 5700
2480 1120
9828 5696
7470 1076
2857 5916
4116 5130
9749 8764
8351 8452
3511 2438
7093 9653
7553 4224
6075 2965
1035 4821
2458 4148
7327 9338
8392 7385
158 5796
1201 2760
3959 9389
5320 4644
9722 6381
7973 210
2421 3865
4117 9918
967 3537
4242 8721
6928 3745
9985 5905
6002 5719
8431 8773
8181 3386
8137 7186
7193 9547
3547 5660
710 2351
2119 4088
1974 2734
5410 2502
2771 7788
2911 2146
4827 6521
1553 5575
8490 6057
1797 5995
716 9678
496 460
4490 9302
2066 2512
1200 1952
5163 478
3444 6383
5625 2079
2016 5246
9662 7133
8740 6844
8488 5990
4507 2680
7760 9134
5570 8437
9528 2034
1687 6242
1095 8502
1389 7139
9121 2644
4690 1874
761 8348
4741 9794
5623 5735
9947 909
419 4458
2134 3611
3617 6720
416 3930
502 5218
1525 1100
4549 5194
6321 407
407 2181
5437 1664
6432 9848
5206 3752
3259 8624
6934 8517
5195 7624
1229 5676
3772 6885
4436 8075
8058 9086
7114 1409
2968 2138
4864 502
1696 4256
9290 104
156 356
455 3042
8535 7919
6409 3121
4943 5745
5951 4948
9821 7805
12 5511
5147 5912
9028 5341
2417 6486
2470 5583
5459 2264
8298 3329
4579 8248
1010 1041
997 9977
6142 3507
8978 5581
3285 6281
1874 1844
7348 3202
9576 806
1829 2169
1101 877
2804 4069
2211 2385
7713 9195
4823 519
6556 3561
2210 913
634 8095
4069 5015
358 394
9012 4750
8880 6322
1242 7651
2738 9715
5091 2823
2170 3490
1209 5812
5563 3007
6394 6741
5465 4430
1754 6683
2223 6578
6680 8632
2032 1860
9565 3217
9798 5697
9831 7319
5852 5882
4848 1419
3545 5944
8990 6567
1141 4158
9860 9122
1309 4274
852 7892
8175 5165
4829 7675
3766 8882
4015 6257
5643 675
5807 4401
3206 2768
2861 6504
2354 7985
4026 1921
3514 160
8858 530
6951 652
6740 2546
9598 5021
8467 2129
4638 2066
5249 3935
553 8635
9223 7305
7414 4124
4166 6925
9327 308
1518 7334
8754 5172
5574 9775
5371 6299
2869 7007
7894 2103
6636 459
6702 4453
7565 5364
4984 6725
8322 284
1379 4469
2328 6300
9687 9985
7270 129
7496 2138
1524 9338
2772 221
299 5585
8008 7421
1355 9822
6418 9555
1022 5478
901 2166
3548 2241
2477 6264
3757 7365
9964 5692
9026 7148
3395 4963
3345 236
6769 704
7612 8932
4587 1876
5255 409
512 7232
5506 4375
5406 9524
6345 2849
3355 4531
8886 7496
9525 4132
2506 3474
4234 974
8843 4421
619 1916
4937 1551
6318 2077
1173 4316
2618 6853
9087 2888
2639 9115
4323 2325
4493 682
5463 1802
8044 1565
7349 8130
8846 1562
8311 5873
2017 7888
8803 7284
1777 8753
1810 6238
2397 2164
2294 6737
8341 4553
1458 7033
6738 4658
1618 6463
5018 7073
8161 5607
8718 7255
2759 6173
3816 277
5674 703
7116 6655
8753 7405
2087 1665
653 7874
3075 3699
6772 9803
106 6252
9856 4145
7731 8747
3446 129
8397 7189
594 663
3130 5075
9017 16
2095 96
5639 1312
7606 9114
9892 7742
2229 8484
7844 4854
7257 3325
5345 5870
8866 9184
1039 3127
7075 6008
143 5813
3945 7171
653 5552
1525 6657
9598 1958
8716 2028
7829 5068
2766 7459
3034 535
3206 6889
511 5580
232 2161
4261 3722
9471 5561
8306 9234
8506 9855
3582 2233
4141 3230
4374 4750
597 4822
7641 713
2552 260
8659 7392
7006 4127
8729 155
6048 7884
7293 912
7691 6847
6860 7918
5233 6929
4663 5386
9161 6577
798 2080
8172 2355
7987 735
4197 5881
8153 9635
5024 5788
7538 4042
5566 4882
4973 5128
3263 8836
611 1250
6815 3628
3876 5450
1330 5173
7534 4597
181 2896
6914 4477
1582 8342
7490 415
2401 8285
198 5593
1740 8492
3730 6749
4439 6902
7068 1900
5572 9530
2549 9495
4408 8279
4921 9149
9193 2343
2577 8939
1657 1766
9633 8800
3035 2058
5041 1010
3457 642
1290 5570
9729 2287
2089 1840
563 937
9905 3260
7133 1744
7551 7775
5012 1761
9278 8756
946 4998
1378 8584
6398 6140
7604 1799
697 5189
1313 1
8038 9112
9676 6419
9923 4762
7764 5193
3030 4196
1424 8415
288 1575
2658 159
6831 7652
7052 1184
3869 7791
9972 1478
3849 9567
924 3226
4341 3580
160 8793
9646 6091
6489 1666
516 6719
9982 2047
5188 3078
3191 8494
4330 3338
1878 2823
5405 3226
7254 8224
9310 703
1623 3564
5143 4066
8666 5652
1948 5064
8626 3535
9574 4822
1186 5716
3918 6462
5710 3262
5716 8558
271 8428
8140 3331
1219 5175
8414 9739
6244 2955
1318 2371
5583 1720
2886 1422
1656 2444
8001 3263
8752 2391
2226 2753
2295 9626
2388 694
9482 9497
4669 6630
9823 9359
6233 3819
5483 6625
7042 8319
2097 9950
354 816
5474 3739
9975 7124
1822 9803
9678 2362
3320 6251
9337 1038
7314 5721
3357 5134
368 8967
3602 849
6430 4504
5395 7232
919 5570
8133 3842
5221 1583
2196 433
374 1271
8410 687
3499 5608
7598 6190
9568 6675
3988 3704
1644 4322
3299 4973
4005 8009
8197 1040
656 5976
6899 9038
6964 1293
9732 1320
7552 2275
946 8670
277 2205
6323 2894
9751 9107
1207 6486
3232 6755
1110 7763
3732 9854
6661 5802
2721 3215
4222 8353
1040 5300
9402 2023
4800 2640
1982 698
4065 7675
9909 3285
2331 1035
2579 8729
2416 519
9702 6693
6542 6084
4697 4197
2457 1077
4851 1004
8276 7023
5793 9260
6070 3501
2554 1545
1367 7587
9323 654
9802 9275
6585 1982
1420 4937
9189 7021
654 4959
986 3234
4394 4114
9669 6748
4330 6692
6588 2446
4240 7060
240 9170
4154 4273
6136 4279
1537 5600
8746 7222
7209 1231
5320 2261
8041 7524
3955 1874
1851 229
2855 1074
8471 9998
2533 4354
2229 6028
97 9773
1645 2953
6974 3936
6256 811
2519 142
7886 8396
7831 4381
3668 3919
5693 2756
350 3332
1755 5720
2808 8193
570 7078
1102 2987
1401 9644
2141 8620
7120 3906
2893 5541
4378 9022
5148 2476
7854 1283
659 9960
7391 8298
8224 5592
8038 9331
6465 440
7217 7077
7234 4241
915 4277
7930 1926
5317 4970
9308 5874
9847 7241
3123 7121
3547 4461
5048 6601
7965 7175
2684 4710
9508 959
5875 2661
1968 1977
5986 797
9782 7976
2686 7010
7822 3306
6958 4501
2554 4068
898 5599
5150 9963
8438 9877
419 1965
4892 1483
5586 3267
2001 9889
1392 954
8066 4760
1172 7757
8344 6099
5119 3497
6759 9149
3777 1397
7982 4151
6839 5675
8585 7291
5189 4646
935 9238
4612 2653
2952 1130
7104 6577
7879 8656
3233 9102
3321 4860
3192 1321
6726 7742
3857 5127
502 2109
108 9018
3697 8628
8608 7188
6615 3680
1969 3858
1391 6403
9078 3377
1845 5492
6108 5795
741 5922
1753 6964
1543 8428
4238 4491
7634 2431
9543 4785
2259 1592
332 9070
3002 4616
2439 4126
9917 1715
5249 341
9501 9756
1109 9439
1058 7436
5597 7483
4740 8265
986 8885
6191 6880
6364 773
7492 6619
6893 834
4775 4299
5824 2879
4502 4994
3883 7971
3712 8021
5081 4059
6278 1104
4675 3641
4187 9933
4358 4964
3649 477
6291 7806
805 454
4555 2129
3926 5736
4938 1554
3023 4017
5639 1376
45 902
3909 972
8020 6486
2945 8256
6721 9582
7067 9598
9923 5272
4010 6075
9128 1427
807 2106
261 6545
6232 8360
7325 6385
6181 8951
9544 4731
7297 4118
8654 7598
3760 3650
4393 4764
6769 760
7807 4055
5795 1339
8854 8345
1850 3641
5344 2125
3481 4277
3453 3177
1264 3310
813 8808
833 5656
2628 5441
1431 5689
2850 8954
3956 4341
6486 510
6457 4343
2087 6753
9871 5301
3669 6870
866 2668
1526 382
8751 5405
4629 301
886 9414
790 5195
3724 8023
480 8892
7337 3463
9090 6140
8080 6844
3107 106
6249 5321
9097 4590
5711 1573
4345 2061
2485 102
6500 7865
5032 5782
2981 1694
991 4886
8369 85
8211 9776
675 8600
1252 3332
9079 484
2071 7598
466 5666
8065 3197
6654 4033
5823 417
7387 7086
3308 1870
4286 9988
2807 39
357 4096
2854 3794
7490 9855
6841 2768
1185 5373
6123 13
7054 2719
2817 3069
1102 6876
1279 5866
4798 1991
611 9266
6474 6611
4898 405
1778 525
1980 6363
350 961
8849 6627
3024 4785
9137 9927
1106 1476
8189 1589
4620 3358
9805 3426
463 8019
1800 2567
6949 2396
4580 9133
2758 7079
3781 8043
6347 7082
1290 7611
3218 2827
4061 2251
2017 1184
848 6779
3428 8052
6463 1322
5715 6526
9317 5228
8438 2707
4984 9812
9879 3301
2020 2616
1084 478
5897 229
2190 1137
9937 5823
5955 4712
679 1740
3133 6976
4800 8697
465 2467
234 133
2415 8379
4400 833
1826 706
215 9525
7489 7700
1041 1694
2635 7609
2361 6937
8040 603
9526 9053
7309 9642
4602 6575
1412 1143
6722 9591
2974 23
4732 8743
9894 3496
9095 4615
449 2009
595 2264
3695 6699
2510 8014
6199 103
9009 9928
473 5966
5990 3997
3274 2727
9473 6211
6899 3717
46 5825
2758 8208
950 3450
9771 6188
3830 8047
7166 8774
1125 2447
8644 3613
737 5662
9167 7882
800 2973
4221 2317
5059 6929
483 6414
8356 9016
8776 3726
927 2783
8887 4430
8631 3264
9228 7978
7060 4258
753 437
7127 8130
5045 9643
4022 147
3571 791
4033 1746
7707 9255
1083 8501
6417 1345
273 8089
9498 5805
9155 8531
2148 4074
9117 5240
9598 4593
2054 4986
3754 6117
5639 9730
4872 5275
5117 7889
397 3744
4095 9919
1814 815
1005 7558
1996 5487
7331 3922
7424 1631
735 3617
7556 6439
4436 4655
1862 5028
563 2976
7105 3870
4108 1061
5684 2716
5625 4329
2615 8869
5220 3129
8849 8013
215 8261
5374 1338
4073 5104
733 2410
3944 5788
740 5203
8312 7148
4573 2289
9274 3926
9685 4197
4167 876
197 5080
2562 8515
6024 4567
165 5830
4346 4217
7984 2916
7061 2773
9332 4983
5060 9180
6812 4292
5173 9764
1753 1450
3429 5341
1859 9159
5737 4768
9712 1681
5163 9181
9232 1045
8022 3111
6037 5148
5154 6201
7825 4523
828 5363
8894 4046
3557 8676
9048 1568
3 7361
3153 6752
214 4344
9265 7410
687 8513
841 1330
6781 4805
530 7064
9724 7514
3419 6545
5602 7442
9823 6714
3620 8713
5591 8478
5614 2988
7988 7085
2103 5285
6772 3343
9689 1797
5664 4564
9454 5162
8842 9634
457 2572
9510 1169
118 6300
720 1819
114 7578
663 8679
4358 5585
8614 9133
2928 5782
4733 3699
9334 1672
1422 3918
3394 9840
1031 263
3936 4515
7201 2446
1772 2777
226 9202
8009 6837
6832 3974
3679 3704
4540 9641
6278 9852
4438 8258
7280 1550
6363 2276
5404 3645
9026 597
6667 6884
6922 2783
8244 9361
5763 4027
8038 6861
2666 7807
4930 9498
2245 5326
3424 8916
8131 7545
6016 642
2516 654
4849 5182
1412 6685
6415 5954
850 307
9216 6986
505 9414
4034 7628
8860 2686
1675 6652
6417 5230
6898 7754
3275 7508
4084 2894
1999 8930
2882 279
3698 2908
8851 8411
8110 211
34 7862
3576 6078
7464 8266
7656 8371
4515 9603
1575 9242
6640 8746
5399 9896
660 1783
1891 3305
2566 4082
264 1544
8456 1893
5389 2827
1621 8518
9065 2445
1863 9436
9877 6660
3861 1301
3636 8928
2203 9684
5633 65
1990 9534
3007 6109
401 2027
440 5559
256 4410
5722 9605
8359 5853
5130 575
3217 2909
3321 2512
9934 5197
8706 3939
4356 2866
4641 4296
4879 166
5040 97
1056 1584
2343 1615
6374 5691
4246 5047
8631 2196
5286 4526
418 9654
2942 9062
972 8732
6160 3202
1312 904
324 2190
1588 5521
6161 3323
360 6301
1048 1274
5082 8502
8974 6371
814 2903
8573 137
3441 2460
6889 8792
3259 5009
421 1395
1916 7690
3203 2779
3715 69
8526 6257
8134 1508
9054 9297
3453 6348
4779 4070
7906 7797
1239 3528
8389 6523
5698 2338
1390 5702
4945 1596
5948 9464
1634 8954
4740 1406
2185 8294
4229 6443
184 8975
2085 2043
9466 6202
7265 7910
3828 1968
2261 1867
828 4265
3497 2182
8996 854
6475 1611
6653 6145
8378 2100
7752 889
693 7043
665 8357
7684 2283
2829 3314
6678 7368
6264 458
2283 2709
6945 9125
7424 4434
9936 6852
2418 1520
273 9042
398 4780
9184 388
1986 2955
8860 3730
6283 746
62 9543
506 6890
170 5145
6186 1148
5644 5813
8743 2053
9390 5630
617 5042
7769 4944
5905 2476
1965 788
7099 3977
3572 2804
887 2075
6203 90
7444 1381
7351 3930
9391 4302
7493 7577
171 4954
551 5569
9830 9159
4446 7586
2916 830
139 2325
916 6722
3879 5694
3351 4359
1540 7881
1458 978
8581 9767
7368 4691
4561 5579
2032 4045
8933 7457
1492 6844
5158 2062
1639 8307
9679 9545
9113 1193
6135 464
7101 4412
8618 9543
3355 3738
871 321
9295 9782
2414 9478
2037 2015
7793 5363
19 6545
1137 11
4396 1282
6645 8403
5884 6564
581 7460
849 4762
1300 4619
6154 6354
3890 9234
7726 4731
1852 4233
5232 3861
2975 8278
2835 4072
7790 1937
4969 1001
6850 3535
4884 7061
3101 6031
8834 860
5541 9515
7565 6845
8872 1705
4082 2227
8597 6683
9247 3204
7186 4604
644 3576
5345 9092
3690 8362
460 5367
5786 272
9068 7813
6008 6924
3906 589
7287 4391
8721 1491
6673 2519
8026 4212
3376 6523
242 6981
1619 4091
4651 713
7055 6310
2707 6870
2121 3618
6828 75
5815 973
6478 3083
6755 7564
4886 7713
9476 6719
6803 4049
5561 2811
9854 6852
85 3883
1327 5177
8483 2122
1387 3907
6398 7751
1154 8663
6387 7526
6110 8192
6528 9499
4963 185
9643 6201
135 7924
8414 136
5931 9813
2457 1101
4156 3496
901 7967
8382 1245
4744 4718
6621 2173
491 6076
4972 8113
4848 2711
8043 3515
6455 9939
4946 2230
187 7984
5606 935
9079 9623
8982 3732
6871 905
9689 760
9412 3317
8192 2130
5450 3115
8402 5308
682 4547
1499 2550
6585 6393
2798 9819
780 5348
8518 737
5074 2834
1211 3224
3406 7029
4245 715
3066 2081
1277 8033
1183 3429
6225 6467
255 9859
9174 7059
3439 6124
3427 7357
5280 4540
7818 9372
8104 3181
5532 3879
8683 3621
7862 1311
1418 3568
9682 7259
4361 8528
4625 3905
6853 2752
7348 2531
285 7226
2938 2340
7076 1544
6505 1302
9767 1727
6632 5103
5394 8905
9048 6773
8469 2485
9404 1453
6831 8154
1921 2142
9124 9973
2635 5157
5305 2223
4023 5976
968 3652
2130 1448
7592 46
8509 3808
111 3209
66 8079
3290 7244
1311 7612
8109 5408
7778 7864
883 6456
5100 2906
2639 1277
5214 32
5564 1247
908 4869
8846 2139
8272 609
8011 3889
9303 9833
8639 9116
5757 1612
5626 238
6343 2592
3130 207
1568 2530
7021 1446
1808 9412
6620 8934
1655 9871
4652 5741
6240 4449
7281 8357
6232 3665
1524 2192
8081 2842
2645 2178
9862 6493
2048 649
812 9606
9257 7188
4057 5976
4064 5537
6129 624
7141 6158
3345 2268
861 6495
6645 5863
3928 746
6165 5059
4778 809
372 8266
8448 6715
84 5098
8732 6395
6370 4488
173 9145
1809 2660
8137 7261
2340 1490
6647 7671
6405 1876
9849 9524
1571 9971
467 5154
8485 2
9876 2182
423 2520
5234 5937
2657 7171
3165 9806
4432 5719
2975 4102
5720 4133
5622 7572
8931 2544
7897 9161
8645 67
2177 3550
4817 1291
6632 1928
8822 3564
9887 3061
2384 9472
9530 7433
5747 8726
9173 4191
5759 7566
1613 5655
9231 3194
9026 3185
3326 8275
348 7567
8552 3319
6712 8386
7845 8760
9437 1726
6392 6581
6659 1454
7976 5064
8579 8488
3468 9825
8178 1036
8230 9088
6241 968
5637 7087
5884 9663
5033 7564
7824 8727
1058 7349
5620 2920
7911 7338
4060 5335
250 574
9018 7800
2767 3533
3682 9732
9237 10
2520 5882
341 8364
4614 2239
7489 9148
313 9573
5551 8568
5290 4496
3613 8258
4602 9441
4435 3653
4362 2413
8653 765
9387 5241
5701 8097
3785 7689
6807 4167
1552 2904
4860 8928
9609 7224
5819 3974
3881 6910
3204 9632
7613 1362
2834 6937
7181 8339
4942 350
8431 7998
9611 3951
8751 9213
7759 3244
6534 855
8611 3934
970 3108
8028 6822
4305 3814
546 5975
4756 9211
2086 8235
4731 4759
4820 7767
7177 9306
4125 8966
7890 5511
7219 8770
5443 7385
8118 7734
9216 7197
742 3907
7840 6131
6160 2356
9959 2469
9949 1212
4717 7303
2841 1253
3105 4704
9929 5478
4390 9240
6517 8777
354 8305
2601 1351
6198 5951
7828 5165
5300 547
2914 2352
2694 7737
6514 8552
7524 8308
719 9417
7301 597
3911 9660
6307 1826
163 5852
6819 1840
1882 2729
9181 9368
3145 9734
9658 7378
2186 2406
6539 2085
2961 6684
8344 8940
4230 6475
2324 7628
6499 9695
9915 7433
6221 5330
9433 9034
3197 4908
6 1989
1575 6704
8826 6183
2912 2916
3931 2607
1331 9462
5691 334
3260 9896
1858 5356
683 5958
2843 9048
2338 8659
6681 2819
6284 2400
2727 1982
3801 8790
2511 6165
7346 988
2963 3738
1035 4204
4684 1462
2091 4777
2327 1795
2552 4803
122 158
9596 9966
4137 5747
484 8523
6500 6114
5896 2058
7342 1580
7739 852
2889 4470
8795 8741
187 8336
4906 99
5366 7127
2778 3155
6625 3803
4196 4583
9217 3138
1085 5887
4094 3304
835 3548
2768 6114
9600 8410
6287 6698
8420 593
9440 6788
5727 1676
7876 9008
5957 8544
7449 435
7209 1309
8476 1237
6032 7976
8228 9280
2692 6859
9 4552
3875 183
6314 3095
6610 2427
9814 2034
3442 2305
9017 8595
815 5790
3278 2511
1412 7311
811 6599
402 6312
6259 8337
557 8986
3222 3371
4508 9790
5042 6664
3357 1082
2096 2187
2508 6113
2495 1713
8306 2461
905 4783
3475 1082
202 3812
9261 6061
22 8220
6367 5090
3351 6913
1533 185
3543 1376
1738 9875
3776 9729
7246 8431
4752 9766
4062 4310
3535 7597
3914 5538
7512 1682
9031 5001
7158 4489
3736 1122
1779 9041
4204 2825
2439 9597
306 7672
7226 7340
9320 2070
8373 3502
2858 649
2653 2495
3067 1827
8199 7070
3519 4626
3615 663
5414 644
1504 8734
457 4302
3756 3091
9032 7561
2785 386
5550 2826
8977 8808
9936 6384
944 8053
8324 7539
9218 7352
386 3342
6378 7589
5856 8261
4662 8596
8106 3103
6543 3064
7256 3876
3717 5129
8060 9409
8645 8707
354 4469
2754 8141
2621 7252
7081 5502
6673 2977
360 7614
9110 7716
7916 7706
9853 8465
6779 6831
6552 3099
3922 7695
3159 134
8303 8833
7059 918
2493 4745
1418 801
5872 1665
7576 9133
6220 5794
6780 131
9120 8290
7996 8808
7960 8831
2011 77
8292 840
5443 5662
8286 7770
5729 7309
2493 777
413 8176
2853 4101
7935 2399
42 5423
5371 5657
1210 3221
5530 8721
4578 3058
1050 5597
2380 9561
916 1198
2055 3040
9560 8405
5841 886
8093 4069
6436 6996
7085 1021
7881 9140
8893 5530
1581 9502
5315 8236
9890 1680
5736 9077
3514 1755
8248 1581
5799 8327
6791 8464
5739 6119
1802 7127
8421 8541
9787 2528
8115 5714
6312 7504
445 286
6303 4440
3927 5265
9905 6425
9458 2739
3153 9839
49 5190
2773 5991
6676 1771
9569 7263
3909 9636
4349 5173
4725 2183
8565 526
7969 9495
9092 2949
1247 9076
8573 2505
8765 7525
4187 8682
7323 5055
8581 3411
485 1041
2596 4655
124 2121
9917 9110
8071 5637
9838 5116
4773 8392
4459 7040
8942 4458
726 3593
3520 248
3059 9776
9238 5092
4827 437
4841 4945
4589 8399
6907 2124
8991 1975
9300 5871
2826 460
88 1535
2417 9506
6705 1198
2209 4173
5877 2197
2765 7139
7202 3002
6300 3095
2960 4491
6048 3892
7109 7154
9875 9845
4999 2436
5863 4908
7127 2101
3448 7802
2166 9092
277 9480
4699 8311
2716 7673
2797 4331
3501 9767
6973 3258
5259 2013
6893 7082
3080 9863
6749 1914
5157 7288
6076 6366
7005 1139
8902 8057
873 3236
9045 8043
5784 4592
4900 6318
3366 1630
8185 7500
8895 5192
7720 3032
1466 8707
7732 3978
2657 194
2801 9137
6465 6714
3255 4874
7817 3735
9172 8755
9685 6501
544 2078
5946 8310
5749 3567
680 1815
9403 6002
8252 9142
5952 4761
5665 7144
420 5427
9627 9632
8128 5814
1296 399
2188 520
4095 4371
625 9931
6029 5857
3646 2789
2125 3541
7673 8809
3694 5866
9810 653
2635 2298
1387 5180
9300 7664
4605 4641
3471 5596
1662 6348
3986 7135
523 7392
772 6929
5328 3856
7531 4249
5376 9994
969 491
8227 389
3023 3351
7709 7386
1829 1396
2670 6152
2601 719
2076 9141
4675 5372
6477 9196
7780 1282
1093 3493
2698 833
5747 2704
3073 8774
9773 6386
2877 3830
2867 7546
1524 3999
9567 8828
2916 6671
1791 9187
9501 7558
4794 7402
8779 7863
5426 6040
3248 3731
3451 3598
3074 3120
6665 2596
5933 211
2425 9012
9902 2295
1184 9372
1808 1033
2736 3753
4433 999
1295 890
952 6473
1566 3952
730 7441
9613 9111
7736 2840
3264 443
3249 7239
6429 1489
3115 2466
8791 2354
2247 2187
9219 7748
3072 3431
1831 7816
6215 5305
2766 3020
1434 3683
5875 747
5340 9501
1983 1039
3177 8516
8970 7284
3644 7936
2055 5361
3861 5841
6940 7460
9553 6581
2229 6246
3796 51
7582 5189
7181 1157
3519 1937
8393 6152
4881 9401
8260 190
2316 9567
2926 5034
6547 2059
8486 770
8403 1092
6703 9768
8536 3021
265 678
642 3943
1902 7528
730 3306
7022 2195
733 4753
9472 5621
5427 9269
1062 8421
4407 4235
7562 7317
3733 1797
707 5433
3249 6579
7124 892
1198 7310
8363 6403
6396 4896
7191 6344
336 8509
1597 8832
2045 7241
9443 1525
4978 7795
5018 9608
86 4247
8184 9271
9560 2361
2205 6984
4466 62
1379 724
1603 3214
3488 4456
3327 258
6594 2007
3738 2672
9909 136
6950 1874
4492 4930
615 3909
4179 718
7974 5506
1051 3131
7283 615
5475 5234
9481 2805
3648 8085
6411 3707
3522 8227
3547 4737
3040 2772
1723 2727
4380 955
6911 8165
4382 8014
338 8481
9100 1306
4210 576
3593 9182
6659 3543
2085 8148
6120 686
