100 1000
57 46
76 39
25 49
44 39
19 88
82 88
33 7
99 28
57 31
72 67
67 75
84 68
98 59
7 67
84 49
100 75
100 77
85 39
90 67
59 12
34 89
94 82
61 23
18 99
65 100
28 52
11 58
97 53
99 76
51 44
9 95
94 87
20 96
76 58
65 76
60 66
5 9
58 68
40 77
24 16
57 2
49 3
21 32
23 96
39 68
62 38
86 80
60 99
11 44
36 63
22 8
82 67
1 49
1 48
73 37
42 64
65 7
99 62
66 20
71 96
70 54
56 92
10 62
71 16
26 95
86 95
11 71
19 88
19 23
28 58
57 85
77 14
42 88
90 76
11 70
42 8
47 30
29 26
13 62
72 30
14 46
85 27
78 2
43 95
66 23
87 30
100 23
12 53
73 10
46 49
74 67
47 87
18 59
64 23
99 41
9 19
13 74
29 4
10 30
25 79
6 2
38 64
97 57
5 33
24 45
47 53
78 74
47 86
40 75
99 98
2 81
73 12
70 20
11 86
85 88
99 25
73 8
36 12
37 100
28 96
57 27
94 33
66 96
93 89
94 41
65 71
70 94
28 52
9 25
68 81
7 26
37 2
69 52
53 34
82 54
15 92
67 68
13 55
60 58
59 51
94 97
63 54
36 44
62 69
33 48
9 10
66 23
10 63
22 41
97 18
21 91
79 48
78 72
74 14
13 87
29 52
26 55
94 59
51 67
9 87
90 17
24 67
9 53
82 84
13 61
94 6
57 86
82 95
1 58
21 45
94 19
17 8
76 88
4 45
57 84
40 50
97 51
89 16
8 77
66 14
20 46
57 47
10 62
29 40
39 96
66 85
74 26
69 81
2 58
33 44
29 50
97 43
82 25
90 32
74 89
40 15
37 95
61 14
98 100
10 95
42 61
72 52
24 2
33 32
38 48
73 22
51 39
31 55
40 25
18 34
29 8
98 9
19 32
60 95
11 31
26 75
28 73
44 81
35 88
71 48
42 60
9 12
51 8
65 88
10 69
65 79
26 14
12 75
76 64
36 43
94 75
11 56
92 85
2 54
44 85
29 82
59 77
80 100
18 51
89 54
33 85
71 28
76 20
15 47
9 68
56 83
51 46
70 26
13 34
5 91
12 3
20 30
2 91
76 48
77 81
18 85
98 31
11 78
37 20
18 39
97 57
28 95
45 95
57 95
47 91
6 87
1 41
57 64
90 64
75 49
5 6
33 9
15 75
11 53
5 44
13 72
92 68
4 39
42 76
84 30
80 3
43 79
6 31
59 54
51 61
90 4
64 67
33 53
57 21
29 10
62 83
22 23
74 66
11 49
78 96
86 38
35 77
71 10
44 31
24 1
68 63
72 45
28 35
74 82
7 45
18 2
58 49
74 59
36 85
11 98
90 63
65 9
94 12
52 81
51 27
86 8
29 28
27 48
6 83
27 77
76 35
11 80
12 52
71 20
71 82
76 88
19 75
56 77
11 36
99 14
60 73
74 32
66 55
20 44
22 8
43 1
71 57
51 91
57 9
70 82
93 34
75 23
66 4
36 22
15 22
95 55
84 31
27 16
43 8
18 48
20 4
92 55
59 55
95 14
84 20
31 77
94 93
34 52
20 46
71 2
93 52
50 7
9 51
71 24
23 30
56 58
94 13
1 59
1 28
57 44
94 99
18 92
58 63
99 9
20 87
56 92
90 54
53 86
24 82
50 89
57 58
65 48
5 63
15 51
78 82
4 30
39 75
43 5
66 25
27 50
90 75
65 1
74 27
12 41
37 41
41 89
17 12
69 49
57 34
73 45
26 88
60 84
62 44
11 3
23 54
40 58
98 100
65 100
90 28
29 21
21 14
71 68
19 46
5 31
21 37
35 88
13 30
82 38
10 91
10 100
29 2
82 95
12 84
80 49
71 10
29 28
82 84
13 8
90 26
71 14
10 38
11 92
11 78
82 91
38 55
58 95
47 44
37 96
11 57
29 44
1 64
36 19
41 55
32 72
60 16
97 38
80 8
97 88
88 49
43 28
11 4
1 98
32 85
40 2
74 58
13 29
97 74
1 38
61 69
71 34
65 51
37 7
34 48
99 10
85 81
4 8
73 77
73 84
94 99
44 39
84 91
42 35
86 30
62 52
82 15
13 63
86 23
51 53
53 49
4 85
79 52
23 54
78 13
24 16
45 69
79 67
61 3
89 81
20 16
97 1
26 75
41 35
57 68
98 82
50 31
72 67
70 24
47 59
18 99
50 95
73 22
22 19
47 83
73 91
13 27
60 69
41 91
11 46
34 69
6 7
86 83
8 52
53 50
40 15
61 81
36 99
65 66
85 31
33 75
56 77
73 54
90 7
13 58
69 49
71 72
18 8
70 79
80 55
84 50
99 41
56 79
93 69
27 88
13 77
33 50
53 75
66 88
33 100
10 8
42 55
43 76
37 61
98 77
82 49
78 65
72 26
59 88
65 5
60 80
41 26
97 77
84 81
38 46
29 24
6 38
56 15
9 16
94 5
76 40
88 52
76 30
65 33
5 29
90 55
9 83
98 53
78 67
29 82
63 23
36 80
12 85
91 14
6 16
37 25
13 89
21 100
40 32
42 18
82 96
92 53
99 52
20 58
97 28
36 100
90 7
57 44
29 92
43 6
11 53
61 72
83 63
33 12
40 56
76 84
7 30
44 64
13 54
84 38
29 99
78 91
47 95
32 93
36 56
69 75
72 88
59 93
70 56
18 26
67 14
25 32
83 46
50 34
25 68
41 27
84 54
60 21
86 8
26 3
60 39
43 61
60 98
81 46
82 79
17 85
85 69
15 84
84 83
43 54
13 59
33 7
74 2
66 30
33 63
59 10
12 8
97 15
65 8
71 72
41 62
9 44
13 21
1 57
49 48
37 61
28 25
6 50
2 91
17 61
61 27
25 32
39 81
93 31
99 8
39 8
74 76
40 22
89 14
86 31
28 41
37 17
88 31
62 67
1 45
28 67
50 38
9 17
76 49
36 9
92 96
25 69
33 75
61 31
45 67
98 16
90 27
89 96
5 63
38 79
36 69
90 59
87 88
23 96
94 47
57 93
9 3
66 38
38 34
72 46
78 54
19 69
36 65
38 8
1 7
24 81
66 96
17 52
94 97
56 34
39 100
28 23
74 49
65 18
97 26
1 2
84 46
13 17
1 82
13 80
62 72
81 30
29 25
97 44
37 17
56 38
53 44
19 3
82 92
19 4
90 53
62 55
82 52
32 23
22 85
28 67
11 86
16 46
34 68
11 98
10 58
97 13
9 84
94 68
98 56
78 65
29 57
9 14
1 61
99 17
67 96
15 32
70 9
42 11
90 2
27 45
87 68
90 66
63 46
69 14
13 26
1 63
21 75
88 30
51 72
11 39
56 83
73 12
99 66
21 41
98 41
88 54
97 59
1 75
29 10
64 14
79 81
70 48
97 83
42 67
42 72
73 64
58 77
84 50
67 100
76 45
53 38
73 77
21 56
47 100
93 30
1 82
72 68
27 87
79 58
5 87
71 18
84 55
24 45
22 61
2 41
13 54
64 83
42 18
17 2
57 87
60 86
53 89
6 15
17 77
71 19
97 8
13 16
71 21
6 32
29 1
36 87
1 30
37 39
6 39
69 96
91 63
11 58
8 49
6 56
88 46
76 80
13 3
97 21
97 85
87 96
5 20
94 41
92 61
76 4
51 93
56 48
42 72
13 47
85 30
57 62
71 48
35 85
42 57
71 58
70 68
42 78
74 25
50 49
51 48
39 63
37 34
37 27
25 48
9 10
32 72
36 8
43 40
77 81
5 85
29 79
53 68
11 52
6 72
65 56
5 44
90 46
35 14
38 77
29 89
82 58
36 50
9 15
25 55
71 48
57 81
38 48
90 91
57 76
26 16
30 48
53 55
35 72
12 75
90 16
9 2
86 31
6 98
71 52
33 27
51 50
10 63
70 40
60 23
39 72
4 39
19 7
19 23
11 1
88 95
58 88
11 53
78 77
80 16
74 91
22 52
11 58
1 76
43 25
17 63
40 79
34 16
65 83
59 55
59 66
27 16
9 17
22 32
80 95
91 88
34 83
88 69
28 45
24 76
42 36
28 68
65 71
13 4
71 68
98 7
74 22
50 58
28 8
26 83
95 96
94 52
50 95
71 91
1 25
5 60
82 22
99 76
25 39
53 72
93 95
20 88
60 2
74 30
92 44
85 64
98 84
57 80
43 62
11 3
94 7
5 87
25 48
5 81
39 16
40 81
60 15
94 90
94 92
7 69
86 54
34 30
74 24
56 23
36 44
59 31
28 54
59 34
11 51
63 48
24 48
56 12
29 64
15 84
99 68
12 69
57 72
82 75
94 28
33 20
69 31
24 38
13 38
73 75
42 73
6 73
33 46
51 48
10 93
84 54
36 52
69 83
90 19
100 49
9 47
17 82
24 62
13 69
18 79
76 46
43 27
22 80
60 53
21 85
98 3
40 58
92 69
33 89
